0.000000000e+00 -8.992806499e-18 -3.900000000e-02  6.938893904e-18
1.000000000e-02 -8.992806499e-18 -3.900000000e-02  6.938893904e-18
2.000000000e-02 -8.992806499e-18 -3.900000000e-02  6.938893904e-18
3.000000000e-02 -8.992806499e-18 -3.900000000e-02  6.938893904e-18
4.000000000e-02 -8.992806499e-18 -3.900000000e-02  6.938893904e-18
5.000000000e-02 -8.992806499e-18 -3.900000000e-02  6.938893904e-18
6.000000000e-02 -8.992806499e-18 -3.900000000e-02  6.938893904e-18
7.000000000e-02 -8.992806499e-18 -3.900000000e-02  6.938893904e-18
8.000000000e-02 -8.992806499e-18 -3.900000000e-02  6.938893904e-18
9.000000000e-02 -8.992806499e-18 -3.900000000e-02  6.938893904e-18
1.000000000e-01 -8.992806499e-18 -3.900000000e-02  6.938893904e-18
1.100000000e-01 -8.992806499e-18 -3.900000000e-02  6.938893904e-18
1.200000000e-01 -8.992806499e-18 -3.900000000e-02  6.938893904e-18
1.300000000e-01 -8.992806499e-18 -3.900000000e-02  6.938893904e-18
1.400000000e-01 -8.992806499e-18 -3.900000000e-02  6.938893904e-18
1.500000000e-01 -8.992806499e-18 -3.900000000e-02  6.938893904e-18
1.600000000e-01 -8.992806499e-18 -3.900000000e-02  6.938893904e-18
1.700000000e-01 -8.992806499e-18 -3.900000000e-02  6.938893904e-18
1.800000000e-01 -8.992806499e-18 -3.900000000e-02  6.938893904e-18
1.900000000e-01 -8.992806499e-18 -3.900000000e-02  6.938893904e-18
2.000000000e-01 -8.992806499e-18 -3.900000000e-02  6.938893904e-18
2.100000000e-01 -8.992806499e-18 -3.900000000e-02  6.938893904e-18
2.200000000e-01 -8.992806499e-18 -3.900000000e-02  6.938893904e-18
2.300000000e-01 -8.992806499e-18 -3.900000000e-02  6.938893904e-18
2.400000000e-01 -8.992806499e-18 -3.900000000e-02  6.938893904e-18
2.500000000e-01 -8.992806499e-18 -3.900000000e-02  6.938893904e-18
2.600000000e-01 -8.992806499e-18 -3.900000000e-02  6.938893904e-18
2.700000000e-01 -8.992806499e-18 -3.900000000e-02  6.938893904e-18
2.800000000e-01 -8.992806499e-18 -3.900000000e-02  6.938893904e-18
2.900000000e-01 -8.992806499e-18 -3.900000000e-02  6.938893904e-18
3.000000000e-01 -8.992806499e-18 -3.900000000e-02  6.938893904e-18
3.100000000e-01 -8.992806499e-18 -3.900000000e-02  6.938893904e-18
3.200000000e-01 -8.992806499e-18 -3.900000000e-02  6.938893904e-18
3.300000000e-01 -8.992806499e-18 -3.900000000e-02  6.938893904e-18
3.400000000e-01 -8.992806499e-18 -3.900000000e-02  6.938893904e-18
3.500000000e-01 -8.992806499e-18 -3.900000000e-02  6.938893904e-18
3.600000000e-01 -8.992806499e-18 -3.900000000e-02  6.938893904e-18
3.700000000e-01 -8.992806499e-18 -3.900000000e-02  6.938893904e-18
3.800000000e-01 -8.992806499e-18 -3.900000000e-02  6.938893904e-18
3.900000000e-01 -8.992806499e-18 -3.900000000e-02  6.938893904e-18
4.000000000e-01 -8.992806499e-18 -3.900000000e-02  6.938893904e-18
4.100000000e-01 -8.992806499e-18 -3.900000000e-02  6.938893904e-18
4.200000000e-01 -8.992806499e-18 -3.900000000e-02  6.938893904e-18
4.300000000e-01 -8.992806499e-18 -3.900000000e-02  6.938893904e-18
4.400000000e-01 -8.992806499e-18 -3.900000000e-02  6.938893904e-18
4.500000000e-01 -8.992806499e-18 -3.900000000e-02  6.938893904e-18
4.600000000e-01 -8.992806499e-18 -3.900000000e-02  6.938893904e-18
4.700000000e-01 -8.992806499e-18 -3.900000000e-02  6.938893904e-18
4.800000000e-01 -8.992806499e-18 -3.900000000e-02  6.938893904e-18
4.900000000e-01 -8.992806499e-18 -3.900000000e-02  6.938893904e-18
5.000000000e-01 -8.992806499e-18 -3.900000000e-02  6.938893904e-18
5.100000000e-01 -8.992806499e-18 -3.900000000e-02  6.938893904e-18
5.200000000e-01 -8.992806499e-18 -3.900000000e-02  6.938893904e-18
5.300000000e-01 -8.992806499e-18 -3.900000000e-02  6.938893904e-18
5.400000000e-01 -8.992806499e-18 -3.900000000e-02  6.938893904e-18
5.500000000e-01 -8.992806499e-18 -3.900000000e-02  6.938893904e-18
5.600000000e-01 -8.992806499e-18 -3.900000000e-02  6.938893904e-18
5.700000000e-01 -8.992806499e-18 -3.900000000e-02  6.938893904e-18
5.800000000e-01 -8.992806499e-18 -3.900000000e-02  6.938893904e-18
5.900000000e-01 -8.992806499e-18 -3.900000000e-02  6.938893904e-18
6.000000000e-01 -8.992806499e-18 -3.900000000e-02  6.938893904e-18
6.100000000e-01 -8.992806499e-18 -3.900000000e-02  6.938893904e-18
6.200000000e-01 -8.992806499e-18 -3.900000000e-02  6.938893904e-18
6.300000000e-01 -8.992806499e-18 -3.900000000e-02  6.938893904e-18
6.400000000e-01 -8.992806499e-18 -3.900000000e-02  6.938893904e-18
6.500000000e-01 -8.992806499e-18 -3.900000000e-02  6.938893904e-18
6.600000000e-01 -8.992806499e-18 -3.900000000e-02  6.938893904e-18
6.700000000e-01 -8.992806499e-18 -3.900000000e-02  6.938893904e-18
6.800000000e-01 -8.992806499e-18 -3.900000000e-02  6.938893904e-18
6.900000000e-01 -8.992806499e-18 -3.900000000e-02  6.938893904e-18
7.000000000e-01 -8.992806499e-18 -3.900000000e-02  6.938893904e-18
7.100000000e-01 -8.992806499e-18 -3.900000000e-02  6.938893904e-18
7.200000000e-01 -8.992806499e-18 -3.900000000e-02  6.938893904e-18
7.300000000e-01 -8.992806499e-18 -3.900000000e-02  6.938893904e-18
7.400000000e-01 -8.992806499e-18 -3.900000000e-02  6.938893904e-18
7.500000000e-01 -8.992806499e-18 -3.900000000e-02  6.938893904e-18
7.600000000e-01 -8.992806499e-18 -3.900000000e-02  6.938893904e-18
7.700000000e-01 -8.992806499e-18 -3.900000000e-02  6.938893904e-18
7.800000000e-01 -8.992806499e-18 -3.900000000e-02  6.938893904e-18
7.900000000e-01 -8.992806499e-18 -3.900000000e-02  6.938893904e-18
8.000000000e-01 -8.992806499e-18 -3.900000000e-02  6.938893904e-18
8.100000000e-01 -8.992806499e-18 -3.900000000e-02  6.938893904e-18
8.200000000e-01 -8.992806499e-18 -3.900000000e-02  6.938893904e-18
8.300000000e-01 -8.992806499e-18 -3.900000000e-02  6.938893904e-18
8.400000000e-01 -8.992806499e-18 -3.900000000e-02  6.938893904e-18
8.500000000e-01 -8.992806499e-18 -3.900000000e-02  6.938893904e-18
8.600000000e-01 -8.992806499e-18 -3.900000000e-02  6.938893904e-18
8.700000000e-01 -8.992806499e-18 -3.900000000e-02  6.938893904e-18
8.800000000e-01 -8.992806499e-18 -3.900000000e-02  6.938893904e-18
8.900000000e-01 -8.992806499e-18 -3.900000000e-02  6.938893904e-18
9.000000000e-01 -8.992806499e-18 -3.900000000e-02  6.938893904e-18
9.100000000e-01 -8.992806499e-18 -3.900000000e-02  6.938893904e-18
9.200000000e-01 -8.992806499e-18 -3.900000000e-02  6.938893904e-18
9.300000000e-01 -8.992806499e-18 -3.900000000e-02  6.938893904e-18
9.400000000e-01 -8.992806499e-18 -3.900000000e-02  6.938893904e-18
9.500000000e-01 -8.992806499e-18 -3.900000000e-02  6.938893904e-18
9.600000000e-01 -8.992806499e-18 -3.900000000e-02  6.938893904e-18
9.700000000e-01 -8.992806499e-18 -3.900000000e-02  6.938893904e-18
9.800000000e-01 -8.992806499e-18 -3.900000000e-02  6.938893904e-18
9.900000000e-01 -8.992806499e-18 -3.900000000e-02  6.938893904e-18
1.000000000e+00 -8.992806499e-18 -3.900000000e-02  6.938893904e-18
1.010000000e+00 -8.992806499e-18 -3.900000000e-02  6.938893904e-18
1.020000000e+00 -8.992806499e-18 -3.900000000e-02  6.938893904e-18
1.030000000e+00 -8.992806499e-18 -3.900000000e-02  6.938893904e-18
1.040000000e+00 -8.992806499e-18 -3.900000000e-02  6.938893904e-18
1.050000000e+00 -8.992806499e-18 -3.900000000e-02  6.938893904e-18
1.060000000e+00 -8.992806499e-18 -3.900000000e-02  6.938893904e-18
1.070000000e+00 -8.992806499e-18 -3.900000000e-02  6.938893904e-18
1.080000000e+00 -8.992806499e-18 -3.900000000e-02  6.938893904e-18
1.090000000e+00 -8.992806499e-18 -3.900000000e-02  6.938893904e-18
1.100000000e+00 -8.992806499e-18 -3.900000000e-02  6.938893904e-18
1.110000000e+00 -8.992806499e-18 -3.900000000e-02  6.938893904e-18
1.120000000e+00 -8.992806499e-18 -3.900000000e-02  6.938893904e-18
1.130000000e+00 -8.992806499e-18 -3.900000000e-02  6.938893904e-18
1.140000000e+00 -8.992806499e-18 -3.900000000e-02  6.938893904e-18
1.150000000e+00 -8.992806499e-18 -3.900000000e-02  6.938893904e-18
1.160000000e+00 -8.992806499e-18 -3.900000000e-02  6.938893904e-18
1.170000000e+00 -8.992806499e-18 -3.900000000e-02  6.938893904e-18
1.180000000e+00 -8.992806499e-18 -3.900000000e-02  6.938893904e-18
1.190000000e+00 -8.992806499e-18 -3.900000000e-02  6.938893904e-18
1.200000000e+00 -8.992806499e-18 -3.900000000e-02  6.938893904e-18
1.210000000e+00 -8.992806499e-18 -3.900000000e-02  6.938893904e-18
1.220000000e+00 -8.992806499e-18 -3.900000000e-02  6.938893904e-18
1.230000000e+00 -8.992806499e-18 -3.900000000e-02  6.938893904e-18
1.240000000e+00 -8.992806499e-18 -3.900000000e-02  6.938893904e-18
1.250000000e+00 -8.992806499e-18 -3.900000000e-02  6.938893904e-18
1.260000000e+00 -8.992806499e-18 -3.900000000e-02  6.938893904e-18
1.270000000e+00 -8.992806499e-18 -3.900000000e-02  6.938893904e-18
1.280000000e+00 -8.992806499e-18 -3.900000000e-02  6.938893904e-18
1.290000000e+00 -8.992806499e-18 -3.900000000e-02  6.938893904e-18
1.300000000e+00 -8.992806499e-18 -3.900000000e-02  6.938893904e-18
1.310000000e+00 -8.992806499e-18 -3.900000000e-02  6.938893904e-18
1.320000000e+00 -8.992806499e-18 -3.900000000e-02  6.938893904e-18
1.330000000e+00 -8.992806499e-18 -3.900000000e-02  6.938893904e-18
1.340000000e+00 -8.992806499e-18 -3.900000000e-02  6.938893904e-18
1.350000000e+00 -8.992806499e-18 -3.900000000e-02  6.938893904e-18
1.360000000e+00 -8.992806499e-18 -3.900000000e-02  6.938893904e-18
1.370000000e+00 -8.992806499e-18 -3.900000000e-02  6.938893904e-18
1.380000000e+00 -8.992806499e-18 -3.900000000e-02  6.938893904e-18
1.390000000e+00 -8.992806499e-18 -3.900000000e-02  6.938893904e-18
1.400000000e+00 -8.992806499e-18 -3.900000000e-02  6.938893904e-18
1.410000000e+00 -8.992806499e-18 -3.900000000e-02  6.938893904e-18
1.420000000e+00 -8.992806499e-18 -3.900000000e-02  6.938893904e-18
1.430000000e+00 -8.992806499e-18 -3.900000000e-02  6.938893904e-18
1.440000000e+00 -8.992806499e-18 -3.900000000e-02  6.938893904e-18
1.450000000e+00 -8.992806499e-18 -3.900000000e-02  6.938893904e-18
1.460000000e+00 -8.992806499e-18 -3.900000000e-02  6.938893904e-18
1.470000000e+00 -8.992806499e-18 -3.900000000e-02  6.938893904e-18
1.480000000e+00 -8.992806499e-18 -3.900000000e-02  6.938893904e-18
1.490000000e+00 -8.992806499e-18 -3.900000000e-02  6.938893904e-18
1.500000000e+00 -8.992806499e-18 -3.900000000e-02  6.938893904e-18
1.510000000e+00 -8.992806499e-18 -3.900000000e-02  6.938893904e-18
1.520000000e+00 -8.992806499e-18 -3.900000000e-02  6.938893904e-18
1.530000000e+00 -8.992806499e-18 -3.900000000e-02  6.938893904e-18
1.540000000e+00 -8.992806499e-18 -3.900000000e-02  6.938893904e-18
1.550000000e+00 -8.992806499e-18 -3.900000000e-02  6.938893904e-18
1.560000000e+00 -8.992806499e-18 -3.900000000e-02  6.938893904e-18
1.570000000e+00 -8.992806499e-18 -3.900000000e-02  6.938893904e-18
1.580000000e+00 -8.992806499e-18 -3.900000000e-02  6.938893904e-18
1.590000000e+00 -8.992806499e-18 -3.900000000e-02  6.938893904e-18
1.600000000e+00 -8.992806499e-18 -3.900000000e-02  6.938893904e-18
1.610000000e+00 -8.992806499e-18 -3.900000000e-02  6.938893904e-18
1.620000000e+00 -8.992806499e-18 -3.900000000e-02  6.938893904e-18
1.630000000e+00 -8.992806499e-18 -3.900000000e-02  6.938893904e-18
1.640000000e+00 -8.992806499e-18 -3.900000000e-02  6.938893904e-18
1.650000000e+00 -8.992806499e-18 -3.900000000e-02  6.938893904e-18
1.660000000e+00 -8.992806499e-18 -3.900000000e-02  6.938893904e-18
1.670000000e+00 -8.992806499e-18 -3.900000000e-02  6.938893904e-18
1.680000000e+00 -8.992806499e-18 -3.900000000e-02  6.938893904e-18
1.690000000e+00 -8.992806499e-18 -3.900000000e-02  6.938893904e-18
1.700000000e+00 -8.992806499e-18 -3.900000000e-02  6.938893904e-18
1.710000000e+00 -8.992806499e-18 -3.900000000e-02  6.938893904e-18
1.720000000e+00 -8.992806499e-18 -3.900000000e-02  6.938893904e-18
1.730000000e+00 -8.992806499e-18 -3.900000000e-02  6.938893904e-18
1.740000000e+00 -8.992806499e-18 -3.900000000e-02  6.938893904e-18
1.750000000e+00 -8.992806499e-18 -3.900000000e-02  6.938893904e-18
1.760000000e+00 -8.992806499e-18 -3.900000000e-02  6.938893904e-18
1.770000000e+00 -8.992806499e-18 -3.900000000e-02  6.938893904e-18
1.780000000e+00 -8.992806499e-18 -3.900000000e-02  6.938893904e-18
1.790000000e+00 -8.992806499e-18 -3.900000000e-02  6.938893904e-18
1.800000000e+00 -8.992806499e-18 -3.900000000e-02  6.938893904e-18
1.810000000e+00 -8.992806499e-18 -3.900000000e-02  6.938893904e-18
1.820000000e+00 -8.992806499e-18 -3.900000000e-02  6.938893904e-18
1.830000000e+00 -8.992806499e-18 -3.900000000e-02  6.938893904e-18
1.840000000e+00 -8.992806499e-18 -3.900000000e-02  6.938893904e-18
1.850000000e+00 -8.992806499e-18 -3.900000000e-02  6.938893904e-18
1.860000000e+00 -8.992806499e-18 -3.900000000e-02  6.938893904e-18
1.870000000e+00 -8.992806499e-18 -3.900000000e-02  6.938893904e-18
1.880000000e+00 -8.992806499e-18 -3.900000000e-02  6.938893904e-18
1.890000000e+00 -8.992806499e-18 -3.900000000e-02  6.938893904e-18
1.900000000e+00 -8.992806499e-18 -3.900000000e-02  6.938893904e-18
1.910000000e+00 -8.992806499e-18 -3.900000000e-02  6.938893904e-18
1.920000000e+00 -8.992806499e-18 -3.900000000e-02  6.938893904e-18
1.930000000e+00 -8.992806499e-18 -3.900000000e-02  6.938893904e-18
1.940000000e+00 -8.992806499e-18 -3.900000000e-02  6.938893904e-18
1.950000000e+00 -8.992806499e-18 -3.900000000e-02  6.938893904e-18
1.960000000e+00 -8.992806499e-18 -3.900000000e-02  6.938893904e-18
1.970000000e+00 -8.992806499e-18 -3.900000000e-02  6.938893904e-18
1.980000000e+00 -8.992806499e-18 -3.900000000e-02  6.938893904e-18
1.990000000e+00 -8.992806499e-18 -3.900000000e-02  6.938893904e-18
2.000000000e+00 -8.992806499e-18 -3.900000000e-02  6.938893904e-18
2.010000000e+00 -8.992806499e-18 -3.900000000e-02  6.938893904e-18
2.020000000e+00 -8.992806499e-18 -3.900000000e-02  6.938893904e-18
2.030000000e+00 -8.992806499e-18 -3.900000000e-02  6.938893904e-18
2.040000000e+00 -8.992806499e-18 -3.900000000e-02  6.938893904e-18
2.050000000e+00 -8.992806499e-18 -3.900000000e-02  6.938893904e-18
2.060000000e+00 -8.992806499e-18 -3.900000000e-02  6.938893904e-18
2.070000000e+00 -8.992806499e-18 -3.900000000e-02  6.938893904e-18
2.080000000e+00 -8.992806499e-18 -3.900000000e-02  6.938893904e-18
2.090000000e+00 -8.992806499e-18 -3.900000000e-02  6.938893904e-18
2.100000000e+00 -8.992806499e-18 -3.900000000e-02  6.938893904e-18
2.110000000e+00 -8.992806499e-18 -3.900000000e-02  6.938893904e-18
2.120000000e+00 -8.992806499e-18 -3.900000000e-02  6.938893904e-18
2.130000000e+00 -8.992806499e-18 -3.900000000e-02  6.938893904e-18
2.140000000e+00 -8.992806499e-18 -3.900000000e-02  6.938893904e-18
2.150000000e+00 -8.992806499e-18 -3.900000000e-02  6.938893904e-18
2.160000000e+00 -8.992806499e-18 -3.900000000e-02  6.938893904e-18
2.170000000e+00 -8.992806499e-18 -3.900000000e-02  6.938893904e-18
2.180000000e+00 -8.992806499e-18 -3.900000000e-02  6.938893904e-18
2.190000000e+00 -8.992806499e-18 -3.900000000e-02  6.938893904e-18
2.200000000e+00 -8.992806499e-18 -3.900000000e-02  6.938893904e-18
2.210000000e+00 -8.992806499e-18 -3.900000000e-02  6.938893904e-18
2.220000000e+00 -8.992806499e-18 -3.900000000e-02  6.938893904e-18
2.230000000e+00 -8.992806499e-18 -3.900000000e-02  6.938893904e-18
2.240000000e+00 -8.992806499e-18 -3.900000000e-02  6.938893904e-18
2.250000000e+00 -8.992806499e-18 -3.900000000e-02  6.938893904e-18
2.260000000e+00 -8.992806499e-18 -3.900000000e-02  6.938893904e-18
2.270000000e+00 -8.992806499e-18 -3.900000000e-02  6.938893904e-18
2.280000000e+00 -8.992806499e-18 -3.900000000e-02  6.938893904e-18
2.290000000e+00 -8.992806499e-18 -3.900000000e-02  6.938893904e-18
2.300000000e+00 -8.992806499e-18 -3.900000000e-02  6.938893904e-18
2.310000000e+00 -8.992806499e-18 -3.900000000e-02  6.938893904e-18
2.320000000e+00 -8.992806499e-18 -3.900000000e-02  6.938893904e-18
2.330000000e+00 -8.992806499e-18 -3.900000000e-02  6.938893904e-18
2.340000000e+00 -8.992806499e-18 -3.900000000e-02  6.938893904e-18
2.350000000e+00 -8.992806499e-18 -3.900000000e-02  6.938893904e-18
2.360000000e+00 -8.992806499e-18 -3.900000000e-02  6.938893904e-18
2.370000000e+00 -8.992806499e-18 -3.900000000e-02  6.938893904e-18
2.380000000e+00 -8.992806499e-18 -3.900000000e-02  6.938893904e-18
2.390000000e+00 -8.992806499e-18 -3.900000000e-02  6.938893904e-18
2.400000000e+00 -8.992806499e-18 -3.900000000e-02  6.938893904e-18
2.410000000e+00 -8.992806499e-18 -3.900000000e-02  6.938893904e-18
2.420000000e+00 -8.992806499e-18 -3.900000000e-02  6.938893904e-18
2.430000000e+00 -8.992806499e-18 -3.900000000e-02  6.938893904e-18
2.440000000e+00 -8.992806499e-18 -3.900000000e-02  6.938893904e-18
2.450000000e+00 -8.992806499e-18 -3.900000000e-02  6.938893904e-18
2.460000000e+00 -8.992806499e-18 -3.900000000e-02  6.938893904e-18
2.470000000e+00 -8.992806499e-18 -3.900000000e-02  6.938893904e-18
2.480000000e+00 -8.992806499e-18 -3.900000000e-02  6.938893904e-18
2.490000000e+00 -8.992806499e-18 -3.900000000e-02  6.938893904e-18
2.500000000e+00 -8.992806499e-18 -3.900000000e-02  6.938893904e-18
2.510000000e+00 -8.992806499e-18 -3.900000000e-02  6.938893904e-18
2.520000000e+00 -8.992806499e-18 -3.900000000e-02  6.938893904e-18
2.530000000e+00 -8.992806499e-18 -3.900000000e-02  6.938893904e-18
2.540000000e+00 -8.992806499e-18 -3.900000000e-02  6.938893904e-18
2.550000000e+00 -8.992806499e-18 -3.900000000e-02  6.938893904e-18
2.560000000e+00 -8.992806499e-18 -3.900000000e-02  6.938893904e-18
2.570000000e+00 -8.992806499e-18 -3.900000000e-02  6.938893904e-18
2.580000000e+00 -8.992806499e-18 -3.900000000e-02  6.938893904e-18
2.590000000e+00 -8.992806499e-18 -3.900000000e-02  6.938893904e-18
2.600000000e+00 -8.992806499e-18 -3.900000000e-02  6.938893904e-18
2.610000000e+00 -8.992806499e-18 -3.900000000e-02  6.938893904e-18
2.620000000e+00 -8.992806499e-18 -3.900000000e-02  6.938893904e-18
2.630000000e+00 -8.992806499e-18 -3.900000000e-02  6.938893904e-18
2.640000000e+00 -8.992806499e-18 -3.900000000e-02  6.938893904e-18
2.650000000e+00 -8.992806499e-18 -3.900000000e-02  6.938893904e-18
2.660000000e+00 -8.992806499e-18 -3.900000000e-02  6.938893904e-18
2.670000000e+00 -8.992806499e-18 -3.900000000e-02  6.938893904e-18
2.680000000e+00 -8.992806499e-18 -3.900000000e-02  6.938893904e-18
2.690000000e+00 -8.992806499e-18 -3.900000000e-02  6.938893904e-18
2.700000000e+00 -8.992806499e-18 -3.900000000e-02  6.938893904e-18
2.710000000e+00 -8.992806499e-18 -3.900000000e-02  6.938893904e-18
2.720000000e+00 -8.992806499e-18 -3.900000000e-02  6.938893904e-18
2.730000000e+00 -8.992806499e-18 -3.900000000e-02  6.938893904e-18
2.740000000e+00 -8.992806499e-18 -3.900000000e-02  6.938893904e-18
2.750000000e+00 -8.992806499e-18 -3.900000000e-02  6.938893904e-18
2.760000000e+00 -8.992806499e-18 -3.900000000e-02  6.938893904e-18
2.770000000e+00 -8.992806499e-18 -3.900000000e-02  6.938893904e-18
2.780000000e+00 -8.992806499e-18 -3.900000000e-02  6.938893904e-18
2.790000000e+00 -8.992806499e-18 -3.900000000e-02  6.938893904e-18
2.800000000e+00 -8.992806499e-18 -3.900000000e-02  6.938893904e-18
2.810000000e+00 -8.992806499e-18 -3.900000000e-02  6.938893904e-18
2.820000000e+00 -8.992806499e-18 -3.900000000e-02  6.938893904e-18
2.830000000e+00 -8.992806499e-18 -3.900000000e-02  6.938893904e-18
2.840000000e+00 -8.992806499e-18 -3.900000000e-02  6.938893904e-18
2.850000000e+00 -8.992806499e-18 -3.900000000e-02  6.938893904e-18
2.860000000e+00 -8.992806499e-18 -3.900000000e-02  6.938893904e-18
2.870000000e+00 -8.992806499e-18 -3.900000000e-02  6.938893904e-18
2.880000000e+00 -8.992806499e-18 -3.900000000e-02  6.938893904e-18
2.890000000e+00 -8.992806499e-18 -3.900000000e-02  6.938893904e-18
2.900000000e+00 -8.992806499e-18 -3.900000000e-02  6.938893904e-18
2.910000000e+00 -8.992806499e-18 -3.900000000e-02  6.938893904e-18
2.920000000e+00 -8.992806499e-18 -3.900000000e-02  6.938893904e-18
2.930000000e+00 -8.992806499e-18 -3.900000000e-02  6.938893904e-18
2.940000000e+00 -8.992806499e-18 -3.900000000e-02  6.938893904e-18
2.950000000e+00 -8.992806499e-18 -3.900000000e-02  6.938893904e-18
2.960000000e+00 -8.992806499e-18 -3.900000000e-02  6.938893904e-18
2.970000000e+00 -8.992806499e-18 -3.900000000e-02  6.938893904e-18
2.980000000e+00 -8.992806499e-18 -3.900000000e-02  6.938893904e-18
2.990000000e+00 -8.992806499e-18 -3.900000000e-02  6.938893904e-18
3.000000000e+00 -8.992806499e-18 -3.900000000e-02  6.938893904e-18
3.010000000e+00 -8.992806499e-18 -3.900000000e-02  6.938893904e-18
3.020000000e+00 -8.992806499e-18 -3.900000000e-02  6.938893904e-18
3.030000000e+00 -8.992806499e-18 -3.900000000e-02  6.938893904e-18
3.040000000e+00 -8.992806499e-18 -3.900000000e-02  6.938893904e-18
3.050000000e+00 -8.992806499e-18 -3.900000000e-02  6.938893904e-18
3.060000000e+00 -8.992806499e-18 -3.900000000e-02  6.938893904e-18
3.070000000e+00 -8.992806499e-18 -3.900000000e-02  6.938893904e-18
3.080000000e+00 -8.992806499e-18 -3.900000000e-02  6.938893904e-18
3.090000000e+00 -8.992806499e-18 -3.900000000e-02  6.938893904e-18
3.100000000e+00 -8.992806499e-18 -3.900000000e-02  6.938893904e-18
3.110000000e+00 -8.992806499e-18 -3.900000000e-02  6.938893904e-18
3.120000000e+00 -8.992806499e-18 -3.900000000e-02  6.938893904e-18
3.130000000e+00 -8.992806499e-18 -3.900000000e-02  6.938893904e-18
3.140000000e+00 -8.992806499e-18 -3.900000000e-02  6.938893904e-18
3.150000000e+00 -8.992806499e-18 -3.900000000e-02  6.938893904e-18
3.160000000e+00 -8.992806499e-18 -3.900000000e-02  6.938893904e-18
3.170000000e+00 -8.992806499e-18 -3.900000000e-02  6.938893904e-18
3.180000000e+00 -8.992806499e-18 -3.900000000e-02  6.938893904e-18
3.190000000e+00 -8.992806499e-18 -3.900000000e-02  6.938893904e-18
3.200000000e+00 -8.992806499e-18 -3.900000000e-02  6.938893904e-18
3.210000000e+00 -8.992806499e-18 -3.900000000e-02  6.938893904e-18
3.220000000e+00 -8.992806499e-18 -3.900000000e-02  6.938893904e-18
3.230000000e+00 -8.992806499e-18 -3.900000000e-02  6.938893904e-18
3.240000000e+00 -8.992806499e-18 -3.900000000e-02  6.938893904e-18
3.250000000e+00 -8.992806499e-18 -3.900000000e-02  6.938893904e-18
3.260000000e+00 -8.992806499e-18 -3.900000000e-02  6.938893904e-18
3.270000000e+00 -8.992806499e-18 -3.900000000e-02  6.938893904e-18
3.280000000e+00 -8.992806499e-18 -3.900000000e-02  6.938893904e-18
3.290000000e+00 -8.992806499e-18 -3.900000000e-02  6.938893904e-18
3.300000000e+00 -8.992806499e-18 -3.900000000e-02  6.938893904e-18
3.310000000e+00 -8.992806499e-18 -3.900000000e-02  6.938893904e-18
3.320000000e+00 -8.992806499e-18 -3.900000000e-02  6.938893904e-18
3.330000000e+00 -8.992806499e-18 -3.900000000e-02  6.938893904e-18
3.340000000e+00 -8.992806499e-18 -3.900000000e-02  6.938893904e-18
3.350000000e+00 -8.992806499e-18 -3.900000000e-02  6.938893904e-18
3.360000000e+00 -8.992806499e-18 -3.900000000e-02  6.938893904e-18
3.370000000e+00 -8.992806499e-18 -3.900000000e-02  6.938893904e-18
3.380000000e+00 -8.992806499e-18 -3.900000000e-02  6.938893904e-18
3.390000000e+00 -8.992806499e-18 -3.900000000e-02  6.938893904e-18
3.400000000e+00 -8.992806499e-18 -3.900000000e-02  6.938893904e-18
3.410000000e+00 -8.992806499e-18 -3.900000000e-02  6.938893904e-18
3.420000000e+00 -8.992806499e-18 -3.900000000e-02  6.938893904e-18
3.430000000e+00 -8.992806499e-18 -3.900000000e-02  6.938893904e-18
3.440000000e+00 -8.992806499e-18 -3.900000000e-02  6.938893904e-18
3.450000000e+00 -8.992806499e-18 -3.900000000e-02  6.938893904e-18
3.460000000e+00 -8.992806499e-18 -3.900000000e-02  6.938893904e-18
3.470000000e+00 -8.992806499e-18 -3.900000000e-02  6.938893904e-18
3.480000000e+00 -8.992806499e-18 -3.900000000e-02  6.938893904e-18
3.490000000e+00 -8.992806499e-18 -3.900000000e-02  6.938893904e-18
3.500000000e+00 -8.992806499e-18 -3.900000000e-02  6.938893904e-18
3.510000000e+00 -8.992806499e-18 -3.900000000e-02  6.938893904e-18
3.520000000e+00 -8.992806499e-18 -3.900000000e-02  6.938893904e-18
3.530000000e+00 -8.992806499e-18 -3.900000000e-02  6.938893904e-18
3.540000000e+00 -8.992806499e-18 -3.900000000e-02  6.938893904e-18
3.550000000e+00 -8.992806499e-18 -3.900000000e-02  6.938893904e-18
3.560000000e+00 -8.992806499e-18 -3.900000000e-02  6.938893904e-18
3.570000000e+00 -8.992806499e-18 -3.900000000e-02  6.938893904e-18
3.580000000e+00 -8.992806499e-18 -3.900000000e-02  6.938893904e-18
3.590000000e+00 -8.992806499e-18 -3.900000000e-02  6.938893904e-18
3.600000000e+00 -8.992806499e-18 -3.900000000e-02  6.938893904e-18
3.610000000e+00 -8.992806499e-18 -3.900000000e-02  6.938893904e-18
3.620000000e+00 -8.992806499e-18 -3.900000000e-02  6.938893904e-18
3.630000000e+00 -8.992806499e-18 -3.900000000e-02  6.938893904e-18
3.640000000e+00 -8.992806499e-18 -3.900000000e-02  6.938893904e-18
3.650000000e+00 -8.992806499e-18 -3.900000000e-02  6.938893904e-18
3.660000000e+00 -8.992806499e-18 -3.900000000e-02  6.938893904e-18
3.670000000e+00 -8.992806499e-18 -3.900000000e-02  6.938893904e-18
3.680000000e+00 -8.992806499e-18 -3.900000000e-02  6.938893904e-18
3.690000000e+00 -8.992806499e-18 -3.900000000e-02  6.938893904e-18
3.700000000e+00 -8.992806499e-18 -3.900000000e-02  6.938893904e-18
3.710000000e+00 -8.992806499e-18 -3.900000000e-02  6.938893904e-18
3.720000000e+00 -8.992806499e-18 -3.900000000e-02  6.938893904e-18
3.730000000e+00 -8.992806499e-18 -3.900000000e-02  6.938893904e-18
3.740000000e+00 -8.992806499e-18 -3.900000000e-02  6.938893904e-18
3.750000000e+00 -8.992806499e-18 -3.900000000e-02  6.938893904e-18
3.760000000e+00 -8.992806499e-18 -3.900000000e-02  6.938893904e-18
3.770000000e+00 -8.992806499e-18 -3.900000000e-02  6.938893904e-18
3.780000000e+00 -8.992806499e-18 -3.900000000e-02  6.938893904e-18
3.790000000e+00 -8.992806499e-18 -3.900000000e-02  6.938893904e-18
3.800000000e+00 -8.992806499e-18 -3.900000000e-02  6.938893904e-18
3.810000000e+00 -8.992806499e-18 -3.900000000e-02  6.938893904e-18
3.820000000e+00 -8.992806499e-18 -3.900000000e-02  6.938893904e-18
3.830000000e+00 -8.992806499e-18 -3.900000000e-02  6.938893904e-18
3.840000000e+00 -8.992806499e-18 -3.900000000e-02  6.938893904e-18
3.850000000e+00 -8.992806499e-18 -3.900000000e-02  6.938893904e-18
3.860000000e+00 -8.992806499e-18 -3.900000000e-02  6.938893904e-18
3.870000000e+00 -8.992806499e-18 -3.900000000e-02  6.938893904e-18
3.880000000e+00 -8.992806499e-18 -3.900000000e-02  6.938893904e-18
3.890000000e+00 -8.992806499e-18 -3.900000000e-02  6.938893904e-18
3.900000000e+00 -8.992806499e-18 -3.900000000e-02  6.938893904e-18
3.910000000e+00 -8.992806499e-18 -3.900000000e-02  6.938893904e-18
3.920000000e+00 -8.992806499e-18 -3.900000000e-02  6.938893904e-18
3.930000000e+00 -8.992806499e-18 -3.900000000e-02  6.938893904e-18
3.940000000e+00 -8.992806499e-18 -3.900000000e-02  6.938893904e-18
3.950000000e+00 -8.992806499e-18 -3.900000000e-02  6.938893904e-18
3.960000000e+00 -8.992806499e-18 -3.900000000e-02  6.938893904e-18
3.970000000e+00 -8.992806499e-18 -3.900000000e-02  6.938893904e-18
3.980000000e+00 -8.992806499e-18 -3.900000000e-02  6.938893904e-18
3.990000000e+00 -8.992806499e-18 -3.900000000e-02  6.938893904e-18
4.000000000e+00 -8.992806499e-18 -3.900000000e-02  6.938893904e-18
4.010000000e+00 -8.992806499e-18 -3.900000000e-02  6.938893904e-18
4.020000000e+00 -8.992806499e-18 -3.900000000e-02  6.938893904e-18
4.030000000e+00 -8.992806499e-18 -3.900000000e-02  6.938893904e-18
4.040000000e+00 -8.992806499e-18 -3.900000000e-02  6.938893904e-18
4.050000000e+00 -8.992806499e-18 -3.900000000e-02  6.938893904e-18
4.060000000e+00 -8.992806499e-18 -3.900000000e-02  6.938893904e-18
4.070000000e+00 -8.992806499e-18 -3.900000000e-02  6.938893904e-18
4.080000000e+00 -8.992806499e-18 -3.900000000e-02  6.938893904e-18
4.090000000e+00 -8.992806499e-18 -3.900000000e-02  6.938893904e-18
4.100000000e+00 -8.992806499e-18 -3.900000000e-02  6.938893904e-18
4.110000000e+00 -8.992806499e-18 -3.900000000e-02  6.938893904e-18
4.120000000e+00 -8.992806499e-18 -3.900000000e-02  6.938893904e-18
4.130000000e+00 -8.992806499e-18 -3.900000000e-02  6.938893904e-18
4.140000000e+00 -8.992806499e-18 -3.900000000e-02  6.938893904e-18
4.150000000e+00 -8.992806499e-18 -3.900000000e-02  6.938893904e-18
4.160000000e+00 -8.992806499e-18 -3.900000000e-02  6.938893904e-18
4.170000000e+00 -8.992806499e-18 -3.900000000e-02  6.938893904e-18
4.180000000e+00 -8.992806499e-18 -3.900000000e-02  6.938893904e-18
4.190000000e+00 -8.992806499e-18 -3.900000000e-02  6.938893904e-18
4.200000000e+00 -8.992806499e-18 -3.900000000e-02  6.938893904e-18
4.210000000e+00 -8.992806499e-18 -3.900000000e-02  6.938893904e-18
4.220000000e+00 -8.992806499e-18 -3.900000000e-02  6.938893904e-18
4.230000000e+00 -8.992806499e-18 -3.900000000e-02  6.938893904e-18
4.240000000e+00 -8.992806499e-18 -3.900000000e-02  6.938893904e-18
4.250000000e+00 -8.992806499e-18 -3.900000000e-02  6.938893904e-18
4.260000000e+00 -8.992806499e-18 -3.900000000e-02  6.938893904e-18
4.270000000e+00 -8.992806499e-18 -3.900000000e-02  6.938893904e-18
4.280000000e+00 -8.992806499e-18 -3.900000000e-02  6.938893904e-18
4.290000000e+00 -8.992806499e-18 -3.900000000e-02  6.938893904e-18
4.300000000e+00 -8.992806499e-18 -3.900000000e-02  6.938893904e-18
4.310000000e+00 -8.992806499e-18 -3.900000000e-02  6.938893904e-18
4.320000000e+00 -8.992806499e-18 -3.900000000e-02  6.938893904e-18
4.330000000e+00 -8.992806499e-18 -3.900000000e-02  6.938893904e-18
4.340000000e+00 -8.992806499e-18 -3.900000000e-02  6.938893904e-18
4.350000000e+00 -8.992806499e-18 -3.900000000e-02  6.938893904e-18
4.360000000e+00 -8.992806499e-18 -3.900000000e-02  6.938893904e-18
4.370000000e+00 -8.992806499e-18 -3.900000000e-02  6.938893904e-18
4.380000000e+00 -8.992806499e-18 -3.900000000e-02  6.938893904e-18
4.390000000e+00 -8.992806499e-18 -3.900000000e-02  6.938893904e-18
4.400000000e+00 -8.992806499e-18 -3.900000000e-02  6.938893904e-18
4.410000000e+00 -8.992806499e-18 -3.900000000e-02  6.938893904e-18
4.420000000e+00 -8.992806499e-18 -3.900000000e-02  6.938893904e-18
4.430000000e+00 -8.992806499e-18 -3.900000000e-02  6.938893904e-18
4.440000000e+00 -8.992806499e-18 -3.900000000e-02  6.938893904e-18
4.450000000e+00 -8.992806499e-18 -3.900000000e-02  6.938893904e-18
4.460000000e+00 -8.992806499e-18 -3.900000000e-02  6.938893904e-18
4.470000000e+00 -8.992806499e-18 -3.900000000e-02  6.938893904e-18
4.480000000e+00 -8.992806499e-18 -3.900000000e-02  6.938893904e-18
4.490000000e+00 -8.992806499e-18 -3.900000000e-02  6.938893904e-18
4.500000000e+00 -8.992806499e-18 -3.900000000e-02  6.938893904e-18
4.510000000e+00 -8.992806499e-18 -3.900000000e-02  6.938893904e-18
4.520000000e+00 -8.992806499e-18 -3.900000000e-02  6.938893904e-18
4.530000000e+00 -8.992806499e-18 -3.900000000e-02  6.938893904e-18
4.540000000e+00 -8.992806499e-18 -3.900000000e-02  6.938893904e-18
4.550000000e+00 -8.992806499e-18 -3.900000000e-02  6.938893904e-18
4.560000000e+00 -8.992806499e-18 -3.900000000e-02  6.938893904e-18
4.570000000e+00 -8.992806499e-18 -3.900000000e-02  6.938893904e-18
4.580000000e+00 -8.992806499e-18 -3.900000000e-02  6.938893904e-18
4.590000000e+00 -8.992806499e-18 -3.900000000e-02  6.938893904e-18
4.600000000e+00 -8.992806499e-18 -3.900000000e-02  6.938893904e-18
4.610000000e+00 -8.992806499e-18 -3.900000000e-02  6.938893904e-18
4.620000000e+00 -8.992806499e-18 -3.900000000e-02  6.938893904e-18
4.630000000e+00 -8.992806499e-18 -3.900000000e-02  6.938893904e-18
4.640000000e+00 -8.992806499e-18 -3.900000000e-02  6.938893904e-18
4.650000000e+00 -8.992806499e-18 -3.900000000e-02  6.938893904e-18
4.660000000e+00 -8.992806499e-18 -3.900000000e-02  6.938893904e-18
4.670000000e+00 -8.992806499e-18 -3.900000000e-02  6.938893904e-18
4.680000000e+00 -8.992806499e-18 -3.900000000e-02  6.938893904e-18
4.690000000e+00 -8.992806499e-18 -3.900000000e-02  6.938893904e-18
4.700000000e+00 -8.992806499e-18 -3.900000000e-02  6.938893904e-18
4.710000000e+00 -8.992806499e-18 -3.900000000e-02  6.938893904e-18
4.720000000e+00 -8.992806499e-18 -3.900000000e-02  6.938893904e-18
4.730000000e+00 -8.992806499e-18 -3.900000000e-02  6.938893904e-18
4.740000000e+00 -8.992806499e-18 -3.900000000e-02  6.938893904e-18
4.750000000e+00 -8.992806499e-18 -3.900000000e-02  6.938893904e-18
4.760000000e+00 -8.992806499e-18 -3.900000000e-02  6.938893904e-18
4.770000000e+00 -8.992806499e-18 -3.900000000e-02  6.938893904e-18
4.780000000e+00 -8.992806499e-18 -3.900000000e-02  6.938893904e-18
4.790000000e+00 -8.992806499e-18 -3.900000000e-02  6.938893904e-18
4.800000000e+00 -8.992806499e-18 -3.900000000e-02  6.938893904e-18
4.810000000e+00 -8.992806499e-18 -3.900000000e-02  6.938893904e-18
4.820000000e+00 -8.992806499e-18 -3.900000000e-02  6.938893904e-18
4.830000000e+00 -8.992806499e-18 -3.900000000e-02  6.938893904e-18
4.840000000e+00 -8.992806499e-18 -3.900000000e-02  6.938893904e-18
4.850000000e+00 -8.992806499e-18 -3.900000000e-02  6.938893904e-18
4.860000000e+00 -8.992806499e-18 -3.900000000e-02  6.938893904e-18
4.870000000e+00 -8.992806499e-18 -3.900000000e-02  6.938893904e-18
4.880000000e+00 -8.992806499e-18 -3.900000000e-02  6.938893904e-18
4.890000000e+00 -8.992806499e-18 -3.900000000e-02  6.938893904e-18
4.900000000e+00 -8.992806499e-18 -3.900000000e-02  6.938893904e-18
4.910000000e+00 -8.992806499e-18 -3.900000000e-02  6.938893904e-18
4.920000000e+00 -8.992806499e-18 -3.900000000e-02  6.938893904e-18
4.930000000e+00 -8.992806499e-18 -3.900000000e-02  6.938893904e-18
4.940000000e+00 -8.992806499e-18 -3.900000000e-02  6.938893904e-18
4.950000000e+00 -8.992806499e-18 -3.900000000e-02  6.938893904e-18
4.960000000e+00 -8.992806499e-18 -3.900000000e-02  6.938893904e-18
4.970000000e+00 -8.992806499e-18 -3.900000000e-02  6.938893904e-18
4.980000000e+00 -8.992806499e-18 -3.900000000e-02  6.938893904e-18
4.990000000e+00 -8.992806499e-18 -3.900000000e-02  6.938893904e-18
5.000000000e+00 -8.992806499e-18 -3.900000000e-02  6.938893904e-18
5.010000000e+00 -8.992806499e-18 -3.900000000e-02  6.938893904e-18
5.020000000e+00 -8.992806499e-18 -3.900000000e-02  6.938893904e-18
5.030000000e+00 -8.992806499e-18 -3.900000000e-02  6.938893904e-18
5.040000000e+00 -8.992806499e-18 -3.900000000e-02  6.938893904e-18
5.050000000e+00 -8.992806499e-18 -3.900000000e-02  6.938893904e-18
5.060000000e+00 -8.992806499e-18 -3.900000000e-02  6.938893904e-18
5.070000000e+00 -8.992806499e-18 -3.900000000e-02  6.938893904e-18
5.080000000e+00 -8.992806499e-18 -3.900000000e-02  6.938893904e-18
5.090000000e+00 -8.992806499e-18 -3.900000000e-02  6.938893904e-18
5.100000000e+00 -8.992806499e-18 -3.900000000e-02  6.938893904e-18
5.110000000e+00 -8.992806499e-18 -3.900000000e-02  6.938893904e-18
5.120000000e+00 -8.992806499e-18 -3.900000000e-02  6.938893904e-18
5.130000000e+00 -8.992806499e-18 -3.900000000e-02  6.938893904e-18
5.140000000e+00 -8.992806499e-18 -3.900000000e-02  6.938893904e-18
5.150000000e+00 -8.992806499e-18 -3.900000000e-02  6.938893904e-18
5.160000000e+00 -8.992806499e-18 -3.900000000e-02  6.938893904e-18
5.170000000e+00 -8.992806499e-18 -3.900000000e-02  6.938893904e-18
5.180000000e+00 -8.992806499e-18 -3.900000000e-02  6.938893904e-18
5.190000000e+00 -8.992806499e-18 -3.900000000e-02  6.938893904e-18
5.200000000e+00 -8.992806499e-18 -3.900000000e-02  6.938893904e-18
5.210000000e+00 -8.992806499e-18 -3.900000000e-02  6.938893904e-18
5.220000000e+00 -8.992806499e-18 -3.900000000e-02  6.938893904e-18
5.230000000e+00 -8.992806499e-18 -3.900000000e-02  6.938893904e-18
5.240000000e+00 -8.992806499e-18 -3.900000000e-02  6.938893904e-18
5.250000000e+00 -8.992806499e-18 -3.900000000e-02  6.938893904e-18
5.260000000e+00 -8.992806499e-18 -3.900000000e-02  6.938893904e-18
5.270000000e+00 -8.992806499e-18 -3.900000000e-02  6.938893904e-18
5.280000000e+00 -8.992806499e-18 -3.900000000e-02  6.938893904e-18
5.290000000e+00 -8.992806499e-18 -3.900000000e-02  6.938893904e-18
5.300000000e+00 -8.992806499e-18 -3.900000000e-02  6.938893904e-18
5.310000000e+00 -8.992806499e-18 -3.900000000e-02  6.938893904e-18
5.320000000e+00 -8.992806499e-18 -3.900000000e-02  6.938893904e-18
5.330000000e+00 -8.992806499e-18 -3.900000000e-02  6.938893904e-18
5.340000000e+00 -8.992806499e-18 -3.900000000e-02  6.938893904e-18
5.350000000e+00 -8.992806499e-18 -3.900000000e-02  6.938893904e-18
5.360000000e+00 -8.992806499e-18 -3.900000000e-02  6.938893904e-18
5.370000000e+00 -8.992806499e-18 -3.900000000e-02  6.938893904e-18
5.380000000e+00 -8.992806499e-18 -3.900000000e-02  6.938893904e-18
5.390000000e+00 -8.992806499e-18 -3.900000000e-02  6.938893904e-18
5.400000000e+00 -8.992806499e-18 -3.900000000e-02  6.938893904e-18
5.410000000e+00 -8.992806499e-18 -3.900000000e-02  6.938893904e-18
5.420000000e+00 -8.992806499e-18 -3.900000000e-02  6.938893904e-18
5.430000000e+00 -8.992806499e-18 -3.900000000e-02  6.938893904e-18
5.440000000e+00 -8.992806499e-18 -3.900000000e-02  6.938893904e-18
5.450000000e+00 -8.992806499e-18 -3.900000000e-02  6.938893904e-18
5.460000000e+00 -8.992806499e-18 -3.900000000e-02  6.938893904e-18
5.470000000e+00 -8.992806499e-18 -3.900000000e-02  6.938893904e-18
5.480000000e+00 -8.992806499e-18 -3.900000000e-02  6.938893904e-18
5.490000000e+00 -8.992806499e-18 -3.900000000e-02  6.938893904e-18
5.500000000e+00 -8.992806499e-18 -3.900000000e-02  6.938893904e-18
5.510000000e+00 -8.992806499e-18 -3.900000000e-02  6.938893904e-18
5.520000000e+00 -8.992806499e-18 -3.900000000e-02  6.938893904e-18
5.530000000e+00 -8.992806499e-18 -3.900000000e-02  6.938893904e-18
5.540000000e+00 -8.992806499e-18 -3.900000000e-02  6.938893904e-18
5.550000000e+00 -8.992806499e-18 -3.900000000e-02  6.938893904e-18
5.560000000e+00 -8.992806499e-18 -3.900000000e-02  6.938893904e-18
5.570000000e+00 -8.992806499e-18 -3.900000000e-02  6.938893904e-18
5.580000000e+00 -8.992806499e-18 -3.900000000e-02  6.938893904e-18
5.590000000e+00 -8.992806499e-18 -3.900000000e-02  6.938893904e-18
5.600000000e+00 -8.992806499e-18 -3.900000000e-02  6.938893904e-18
5.610000000e+00 -8.992806499e-18 -3.900000000e-02  6.938893904e-18
5.620000000e+00 -8.992806499e-18 -3.900000000e-02  6.938893904e-18
5.630000000e+00 -8.992806499e-18 -3.900000000e-02  6.938893904e-18
5.640000000e+00 -8.992806499e-18 -3.900000000e-02  6.938893904e-18
5.650000000e+00 -8.992806499e-18 -3.900000000e-02  6.938893904e-18
5.660000000e+00 -8.992806499e-18 -3.900000000e-02  6.938893904e-18
5.670000000e+00 -8.992806499e-18 -3.900000000e-02  6.938893904e-18
5.680000000e+00 -8.992806499e-18 -3.900000000e-02  6.938893904e-18
5.690000000e+00 -8.992806499e-18 -3.900000000e-02  6.938893904e-18
5.700000000e+00 -8.992806499e-18 -3.900000000e-02  6.938893904e-18
5.710000000e+00 -8.992806499e-18 -3.900000000e-02  6.938893904e-18
5.720000000e+00 -8.992806499e-18 -3.900000000e-02  6.938893904e-18
5.730000000e+00 -8.992806499e-18 -3.900000000e-02  6.938893904e-18
5.740000000e+00 -8.992806499e-18 -3.900000000e-02  6.938893904e-18
5.750000000e+00 -8.992806499e-18 -3.900000000e-02  6.938893904e-18
5.760000000e+00 -8.992806499e-18 -3.900000000e-02  6.938893904e-18
5.770000000e+00 -8.992806499e-18 -3.900000000e-02  6.938893904e-18
5.780000000e+00 -8.992806499e-18 -3.900000000e-02  6.938893904e-18
5.790000000e+00 -8.992806499e-18 -3.900000000e-02  6.938893904e-18
5.800000000e+00 -8.992806499e-18 -3.900000000e-02  6.938893904e-18
5.810000000e+00 -8.992806499e-18 -3.900000000e-02  6.938893904e-18
5.820000000e+00 -8.992806499e-18 -3.900000000e-02  6.938893904e-18
5.830000000e+00 -8.992806499e-18 -3.900000000e-02  6.938893904e-18
5.840000000e+00 -8.992806499e-18 -3.900000000e-02  6.938893904e-18
5.850000000e+00 -8.992806499e-18 -3.900000000e-02  6.938893904e-18
5.860000000e+00 -8.992806499e-18 -3.900000000e-02  6.938893904e-18
5.870000000e+00 -8.992806499e-18 -3.900000000e-02  6.938893904e-18
5.880000000e+00 -8.992806499e-18 -3.900000000e-02  6.938893904e-18
5.890000000e+00 -8.992806499e-18 -3.900000000e-02  6.938893904e-18
5.900000000e+00 -8.992806499e-18 -3.900000000e-02  6.938893904e-18
5.910000000e+00 -8.992806499e-18 -3.900000000e-02  6.938893904e-18
5.920000000e+00 -8.992806499e-18 -3.900000000e-02  6.938893904e-18
5.930000000e+00 -8.992806499e-18 -3.900000000e-02  6.938893904e-18
5.940000000e+00 -8.992806499e-18 -3.900000000e-02  6.938893904e-18
5.950000000e+00 -8.992806499e-18 -3.900000000e-02  6.938893904e-18
5.960000000e+00 -8.992806499e-18 -3.900000000e-02  6.938893904e-18
5.970000000e+00 -8.992806499e-18 -3.900000000e-02  6.938893904e-18
5.980000000e+00 -8.992806499e-18 -3.900000000e-02  6.938893904e-18
5.990000000e+00 -8.992806499e-18 -3.900000000e-02  6.938893904e-18
6.000000000e+00 -8.992806499e-18 -3.900000000e-02  6.938893904e-18
6.010000000e+00 -8.992806499e-18 -3.900000000e-02  6.938893904e-18
6.020000000e+00 -8.992806499e-18 -3.900000000e-02  6.938893904e-18
6.030000000e+00 -8.992806499e-18 -3.900000000e-02  6.938893904e-18
6.040000000e+00 -8.992806499e-18 -3.900000000e-02  6.938893904e-18
6.050000000e+00 -8.992806499e-18 -3.900000000e-02  6.938893904e-18
6.060000000e+00 -8.992806499e-18 -3.900000000e-02  6.938893904e-18
6.070000000e+00 -8.992806499e-18 -3.900000000e-02  6.938893904e-18
6.080000000e+00 -8.992806499e-18 -3.900000000e-02  6.938893904e-18
6.090000000e+00 -8.992806499e-18 -3.900000000e-02  6.938893904e-18
6.100000000e+00 -8.992806499e-18 -3.900000000e-02  6.938893904e-18
6.110000000e+00 -8.992806499e-18 -3.900000000e-02  6.938893904e-18
6.120000000e+00 -8.992806499e-18 -3.900000000e-02  6.938893904e-18
6.130000000e+00 -8.992806499e-18 -3.900000000e-02  6.938893904e-18
6.140000000e+00 -8.992806499e-18 -3.900000000e-02  6.938893904e-18
6.150000000e+00 -8.992806499e-18 -3.900000000e-02  6.938893904e-18
6.160000000e+00 -8.992806499e-18 -3.900000000e-02  6.938893904e-18
6.170000000e+00 -8.992806499e-18 -3.900000000e-02  6.938893904e-18
6.180000000e+00 -8.992806499e-18 -3.900000000e-02  6.938893904e-18
6.190000000e+00 -8.992806499e-18 -3.900000000e-02  6.938893904e-18
6.200000000e+00 -8.992806499e-18 -3.900000000e-02  6.938893904e-18
6.210000000e+00 -8.992806499e-18 -3.900000000e-02  6.938893904e-18
6.220000000e+00 -8.992806499e-18 -3.900000000e-02  6.938893904e-18
6.230000000e+00 -8.992806499e-18 -3.900000000e-02  6.938893904e-18
6.240000000e+00 -8.992806499e-18 -3.900000000e-02  6.938893904e-18
6.250000000e+00 -8.992806499e-18 -3.900000000e-02  6.938893904e-18
6.260000000e+00 -8.992806499e-18 -3.900000000e-02  6.938893904e-18
6.270000000e+00 -8.992806499e-18 -3.900000000e-02  6.938893904e-18
6.280000000e+00 -8.992806499e-18 -3.900000000e-02  6.938893904e-18
6.290000000e+00 -8.992806499e-18 -3.900000000e-02  6.938893904e-18
6.300000000e+00 -8.992806499e-18 -3.900000000e-02  6.938893904e-18
6.310000000e+00 -8.992806499e-18 -3.900000000e-02  6.938893904e-18
6.320000000e+00 -8.992806499e-18 -3.900000000e-02  6.938893904e-18
6.330000000e+00 -8.992806499e-18 -3.900000000e-02  6.938893904e-18
6.340000000e+00 -8.992806499e-18 -3.900000000e-02  6.938893904e-18
6.350000000e+00 -8.992806499e-18 -3.900000000e-02  6.938893904e-18
6.360000000e+00 -8.992806499e-18 -3.900000000e-02  6.938893904e-18
6.370000000e+00 -8.992806499e-18 -3.900000000e-02  6.938893904e-18
6.380000000e+00 -8.992806499e-18 -3.900000000e-02  6.938893904e-18
6.390000000e+00 -8.992806499e-18 -3.900000000e-02  6.938893904e-18
6.400000000e+00 -8.992806499e-18 -3.900000000e-02  6.938893904e-18
6.410000000e+00 -8.992806499e-18 -3.900000000e-02  6.938893904e-18
6.420000000e+00 -8.992806499e-18 -3.900000000e-02  6.938893904e-18
6.430000000e+00 -8.992806499e-18 -3.900000000e-02  6.938893904e-18
6.440000000e+00 -8.992806499e-18 -3.900000000e-02  6.938893904e-18
6.450000000e+00 -8.992806499e-18 -3.900000000e-02  6.938893904e-18
6.460000000e+00 -8.992806499e-18 -3.900000000e-02  6.938893904e-18
6.470000000e+00 -8.992806499e-18 -3.900000000e-02  6.938893904e-18
6.480000000e+00 -8.992806499e-18 -3.900000000e-02  6.938893904e-18
6.490000000e+00 -8.992806499e-18 -3.900000000e-02  6.938893904e-18
6.500000000e+00 -8.992806499e-18 -3.900000000e-02  6.938893904e-18
6.510000000e+00 -8.992806499e-18 -3.900000000e-02  6.938893904e-18
6.520000000e+00 -8.992806499e-18 -3.900000000e-02  6.938893904e-18
6.530000000e+00 -8.992806499e-18 -3.900000000e-02  6.938893904e-18
6.540000000e+00 -8.992806499e-18 -3.900000000e-02  6.938893904e-18
6.550000000e+00 -8.992806499e-18 -3.900000000e-02  6.938893904e-18
6.560000000e+00 -8.992806499e-18 -3.900000000e-02  6.938893904e-18
6.570000000e+00 -8.992806499e-18 -3.900000000e-02  6.938893904e-18
6.580000000e+00 -8.992806499e-18 -3.900000000e-02  6.938893904e-18
6.590000000e+00 -8.992806499e-18 -3.900000000e-02  6.938893904e-18
6.600000000e+00 -8.992806499e-18 -3.900000000e-02  6.938893904e-18
6.610000000e+00 -8.992806499e-18 -3.900000000e-02  6.938893904e-18
6.620000000e+00 -8.992806499e-18 -3.900000000e-02  6.938893904e-18
6.630000000e+00 -8.992806499e-18 -3.900000000e-02  6.938893904e-18
6.640000000e+00 -8.992806499e-18 -3.900000000e-02  6.938893904e-18
6.650000000e+00 -8.992806499e-18 -3.900000000e-02  6.938893904e-18
6.660000000e+00 -8.992806499e-18 -3.900000000e-02  6.938893904e-18
6.670000000e+00 -8.992806499e-18 -3.900000000e-02  6.938893904e-18
6.680000000e+00 -8.992806499e-18 -3.900000000e-02  6.938893904e-18
6.690000000e+00 -8.992806499e-18 -3.900000000e-02  6.938893904e-18
6.700000000e+00 -8.992806499e-18 -3.900000000e-02  6.938893904e-18
6.710000000e+00 -8.992806499e-18 -3.900000000e-02  6.938893904e-18
6.720000000e+00 -8.992806499e-18 -3.900000000e-02  6.938893904e-18
6.730000000e+00 -8.992806499e-18 -3.900000000e-02  6.938893904e-18
6.740000000e+00 -8.992806499e-18 -3.900000000e-02  6.938893904e-18
6.750000000e+00 -8.992806499e-18 -3.900000000e-02  6.938893904e-18
6.760000000e+00 -8.992806499e-18 -3.900000000e-02  6.938893904e-18
6.770000000e+00 -8.992806499e-18 -3.900000000e-02  6.938893904e-18
6.780000000e+00 -8.992806499e-18 -3.900000000e-02  6.938893904e-18
6.790000000e+00 -8.992806499e-18 -3.900000000e-02  6.938893904e-18
6.800000000e+00 -8.992806499e-18 -3.900000000e-02  6.938893904e-18
6.810000000e+00 -8.992806499e-18 -3.900000000e-02  6.938893904e-18
6.820000000e+00 -8.992806499e-18 -3.900000000e-02  6.938893904e-18
6.830000000e+00 -8.992806499e-18 -3.900000000e-02  6.938893904e-18
6.840000000e+00 -8.992806499e-18 -3.900000000e-02  6.938893904e-18
6.850000000e+00 -8.992806499e-18 -3.900000000e-02  6.938893904e-18
6.860000000e+00 -8.992806499e-18 -3.900000000e-02  6.938893904e-18
6.870000000e+00 -8.992806499e-18 -3.900000000e-02  6.938893904e-18
6.880000000e+00 -8.992806499e-18 -3.900000000e-02  6.938893904e-18
6.890000000e+00 -8.992806499e-18 -3.900000000e-02  6.938893904e-18
6.900000000e+00 -8.992806499e-18 -3.900000000e-02  6.938893904e-18
6.910000000e+00 -8.992806499e-18 -3.900000000e-02  6.938893904e-18
6.920000000e+00 -8.992806499e-18 -3.900000000e-02  6.938893904e-18
6.930000000e+00 -8.992806499e-18 -3.900000000e-02  6.938893904e-18
6.940000000e+00 -8.992806499e-18 -3.900000000e-02  6.938893904e-18
6.950000000e+00 -8.992806499e-18 -3.900000000e-02  6.938893904e-18
6.960000000e+00 -8.992806499e-18 -3.900000000e-02  6.938893904e-18
6.970000000e+00 -8.992806499e-18 -3.900000000e-02  6.938893904e-18
6.980000000e+00 -8.992806499e-18 -3.900000000e-02  6.938893904e-18
6.990000000e+00 -8.992806499e-18 -3.900000000e-02  6.938893904e-18
7.000000000e+00 -8.992806499e-18 -3.900000000e-02  6.938893904e-18
7.010000000e+00 -8.992806499e-18 -3.900000000e-02  6.938893904e-18
7.020000000e+00 -8.992806499e-18 -3.900000000e-02  6.938893904e-18
7.030000000e+00 -8.992806499e-18 -3.900000000e-02  6.938893904e-18
7.040000000e+00 -8.992806499e-18 -3.900000000e-02  6.938893904e-18
7.050000000e+00 -8.992806499e-18 -3.900000000e-02  6.938893904e-18
7.060000000e+00 -8.992806499e-18 -3.900000000e-02  6.938893904e-18
7.070000000e+00 -8.992806499e-18 -3.900000000e-02  6.938893904e-18
7.080000000e+00 -8.992806499e-18 -3.900000000e-02  6.938893904e-18
7.090000000e+00 -8.992806499e-18 -3.900000000e-02  6.938893904e-18
7.100000000e+00 -8.992806499e-18 -3.900000000e-02  6.938893904e-18
7.110000000e+00 -8.992806499e-18 -3.900000000e-02  6.938893904e-18
7.120000000e+00 -8.992806499e-18 -3.900000000e-02  6.938893904e-18
7.130000000e+00 -8.992806499e-18 -3.900000000e-02  6.938893904e-18
7.140000000e+00 -8.992806499e-18 -3.900000000e-02  6.938893904e-18
7.150000000e+00 -8.992806499e-18 -3.900000000e-02  6.938893904e-18
7.160000000e+00 -8.992806499e-18 -3.900000000e-02  6.938893904e-18
7.170000000e+00 -8.992806499e-18 -3.900000000e-02  6.938893904e-18
7.180000000e+00 -8.992806499e-18 -3.900000000e-02  6.938893904e-18
7.190000000e+00 -8.992806499e-18 -3.900000000e-02  6.938893904e-18
7.200000000e+00 -8.992806499e-18 -3.900000000e-02  6.938893904e-18
7.210000000e+00 -8.992806499e-18 -3.900000000e-02  6.938893904e-18
7.220000000e+00 -8.992806499e-18 -3.900000000e-02  6.938893904e-18
7.230000000e+00 -8.992806499e-18 -3.900000000e-02  6.938893904e-18
7.240000000e+00 -8.992806499e-18 -3.900000000e-02  6.938893904e-18
7.250000000e+00 -8.992806499e-18 -3.900000000e-02  6.938893904e-18
7.260000000e+00 -8.992806499e-18 -3.900000000e-02  6.938893904e-18
7.270000000e+00 -8.992806499e-18 -3.900000000e-02  6.938893904e-18
7.280000000e+00 -8.992806499e-18 -3.900000000e-02  6.938893904e-18
7.290000000e+00 -8.992806499e-18 -3.900000000e-02  6.938893904e-18
7.300000000e+00 -8.992806499e-18 -3.900000000e-02  6.938893904e-18
7.310000000e+00 -8.992806499e-18 -3.900000000e-02  6.938893904e-18
7.320000000e+00 -8.992806499e-18 -3.900000000e-02  6.938893904e-18
7.330000000e+00 -8.992806499e-18 -3.900000000e-02  6.938893904e-18
7.340000000e+00 -8.992806499e-18 -3.900000000e-02  6.938893904e-18
7.350000000e+00 -8.992806499e-18 -3.900000000e-02  6.938893904e-18
7.360000000e+00 -8.992806499e-18 -3.900000000e-02  6.938893904e-18
7.370000000e+00 -8.992806499e-18 -3.900000000e-02  6.938893904e-18
7.380000000e+00 -8.992806499e-18 -3.900000000e-02  6.938893904e-18
7.390000000e+00 -8.992806499e-18 -3.900000000e-02  6.938893904e-18
7.400000000e+00 -8.992806499e-18 -3.900000000e-02  6.938893904e-18
7.410000000e+00 -8.992806499e-18 -3.900000000e-02  6.938893904e-18
7.420000000e+00 -8.992806499e-18 -3.900000000e-02  6.938893904e-18
7.430000000e+00 -8.992806499e-18 -3.900000000e-02  6.938893904e-18
7.440000000e+00 -8.992806499e-18 -3.900000000e-02  6.938893904e-18
7.450000000e+00 -8.992806499e-18 -3.900000000e-02  6.938893904e-18
7.460000000e+00 -8.992806499e-18 -3.900000000e-02  6.938893904e-18
7.470000000e+00 -8.992806499e-18 -3.900000000e-02  6.938893904e-18
7.480000000e+00 -8.992806499e-18 -3.900000000e-02  6.938893904e-18
7.490000000e+00 -8.992806499e-18 -3.900000000e-02  6.938893904e-18
7.500000000e+00 -8.992806499e-18 -3.900000000e-02  6.938893904e-18
7.510000000e+00 -8.992806499e-18 -3.900000000e-02  6.938893904e-18
7.520000000e+00 -8.992806499e-18 -3.900000000e-02  6.938893904e-18
7.530000000e+00 -8.992806499e-18 -3.900000000e-02  6.938893904e-18
7.540000000e+00 -8.992806499e-18 -3.900000000e-02  6.938893904e-18
7.550000000e+00 -8.992806499e-18 -3.900000000e-02  6.938893904e-18
7.560000000e+00 -8.992806499e-18 -3.900000000e-02  6.938893904e-18
7.570000000e+00 -8.992806499e-18 -3.900000000e-02  6.938893904e-18
7.580000000e+00 -8.992806499e-18 -3.900000000e-02  6.938893904e-18
7.590000000e+00 -8.992806499e-18 -3.900000000e-02  6.938893904e-18
7.600000000e+00 -8.992806499e-18 -3.900000000e-02  6.938893904e-18
7.610000000e+00 -8.992806499e-18 -3.900000000e-02  6.938893904e-18
7.620000000e+00 -8.992806499e-18 -3.900000000e-02  6.938893904e-18
7.630000000e+00 -8.992806499e-18 -3.900000000e-02  6.938893904e-18
7.640000000e+00 -8.992806499e-18 -3.900000000e-02  6.938893904e-18
7.650000000e+00 -8.992806499e-18 -3.900000000e-02  6.938893904e-18
7.660000000e+00 -8.992806499e-18 -3.900000000e-02  6.938893904e-18
7.670000000e+00 -8.992806499e-18 -3.900000000e-02  6.938893904e-18
7.680000000e+00 -8.992806499e-18 -3.900000000e-02  6.938893904e-18
7.690000000e+00 -8.992806499e-18 -3.900000000e-02  6.938893904e-18
7.700000000e+00 -8.992806499e-18 -3.900000000e-02  6.938893904e-18
7.710000000e+00 -8.992806499e-18 -3.900000000e-02  6.938893904e-18
7.720000000e+00 -8.992806499e-18 -3.900000000e-02  6.938893904e-18
7.730000000e+00 -8.992806499e-18 -3.900000000e-02  6.938893904e-18
7.740000000e+00 -8.992806499e-18 -3.900000000e-02  6.938893904e-18
7.750000000e+00 -8.992806499e-18 -3.900000000e-02  6.938893904e-18
7.760000000e+00 -8.992806499e-18 -3.900000000e-02  6.938893904e-18
7.770000000e+00 -8.992806499e-18 -3.900000000e-02  6.938893904e-18
7.780000000e+00 -8.992806499e-18 -3.900000000e-02  6.938893904e-18
7.790000000e+00 -8.992806499e-18 -3.900000000e-02  6.938893904e-18
7.800000000e+00 -8.992806499e-18 -3.900000000e-02  6.938893904e-18
7.810000000e+00 -8.992806499e-18 -3.900000000e-02  6.938893904e-18
7.820000000e+00 -8.992806499e-18 -3.900000000e-02  6.938893904e-18
7.830000000e+00 -8.992806499e-18 -3.900000000e-02  6.938893904e-18
7.840000000e+00 -8.992806499e-18 -3.900000000e-02  6.938893904e-18
7.850000000e+00 -8.992806499e-18 -3.900000000e-02  6.938893904e-18
7.860000000e+00 -8.992806499e-18 -3.900000000e-02  6.938893904e-18
7.870000000e+00 -8.992806499e-18 -3.900000000e-02  6.938893904e-18
7.880000000e+00 -8.992806499e-18 -3.900000000e-02  6.938893904e-18
7.890000000e+00 -8.992806499e-18 -3.900000000e-02  6.938893904e-18
7.900000000e+00 -8.992806499e-18 -3.900000000e-02  6.938893904e-18
7.910000000e+00 -8.992806499e-18 -3.900000000e-02  6.938893904e-18
7.920000000e+00 -8.992806499e-18 -3.900000000e-02  6.938893904e-18
7.930000000e+00 -8.992806499e-18 -3.900000000e-02  6.938893904e-18
7.940000000e+00 -8.992806499e-18 -3.900000000e-02  6.938893904e-18
7.950000000e+00 -8.992806499e-18 -3.900000000e-02  6.938893904e-18
7.960000000e+00 -8.992806499e-18 -3.900000000e-02  6.938893904e-18
7.970000000e+00 -8.992806499e-18 -3.900000000e-02  6.938893904e-18
7.980000000e+00 -8.992806499e-18 -3.900000000e-02  6.938893904e-18
7.990000000e+00 -8.992806499e-18 -3.900000000e-02  6.938893904e-18
8.000000000e+00 -8.992806499e-18 -3.900000000e-02  6.938893904e-18
8.010000000e+00 -8.992806499e-18 -3.900000000e-02  6.938893904e-18
8.020000000e+00 -8.992806499e-18 -3.900000000e-02  6.938893904e-18
8.030000000e+00 -8.992806499e-18 -3.900000000e-02  6.938893904e-18
8.040000000e+00 -8.992806499e-18 -3.900000000e-02  6.938893904e-18
8.050000000e+00 -8.992806499e-18 -3.900000000e-02  6.938893904e-18
8.060000000e+00 -8.992806499e-18 -3.900000000e-02  6.938893904e-18
8.070000000e+00 -8.992806499e-18 -3.900000000e-02  6.938893904e-18
8.080000000e+00 -8.992806499e-18 -3.900000000e-02  6.938893904e-18
8.090000000e+00 -8.992806499e-18 -3.900000000e-02  6.938893904e-18
8.100000000e+00 -8.992806499e-18 -3.900000000e-02  6.938893904e-18
8.110000000e+00 -8.992806499e-18 -3.900000000e-02  6.938893904e-18
8.120000000e+00 -8.992806499e-18 -3.900000000e-02  6.938893904e-18
8.130000000e+00 -8.992806499e-18 -3.900000000e-02  6.938893904e-18
8.140000000e+00 -8.992806499e-18 -3.900000000e-02  6.938893904e-18
8.150000000e+00 -8.992806499e-18 -3.900000000e-02  6.938893904e-18
8.160000000e+00 -8.992806499e-18 -3.900000000e-02  6.938893904e-18
8.170000000e+00 -8.992806499e-18 -3.900000000e-02  6.938893904e-18
8.180000000e+00 -8.992806499e-18 -3.900000000e-02  6.938893904e-18
8.190000000e+00 -8.992806499e-18 -3.900000000e-02  6.938893904e-18
8.200000000e+00 -8.992806499e-18 -3.900000000e-02  6.938893904e-18
8.210000000e+00 -8.992806499e-18 -3.900000000e-02  6.938893904e-18
8.220000000e+00 -8.992806499e-18 -3.900000000e-02  6.938893904e-18
8.230000000e+00 -8.992806499e-18 -3.900000000e-02  6.938893904e-18
8.240000000e+00 -8.992806499e-18 -3.900000000e-02  6.938893904e-18
8.250000000e+00 -8.992806499e-18 -3.900000000e-02  6.938893904e-18
8.260000000e+00 -8.992806499e-18 -3.900000000e-02  6.938893904e-18
8.270000000e+00 -8.992806499e-18 -3.900000000e-02  6.938893904e-18
8.280000000e+00 -8.992806499e-18 -3.900000000e-02  6.938893904e-18
8.290000000e+00 -8.992806499e-18 -3.900000000e-02  6.938893904e-18
8.300000000e+00 -8.992806499e-18 -3.900000000e-02  6.938893904e-18
8.310000000e+00 -8.992806499e-18 -3.900000000e-02  6.938893904e-18
8.320000000e+00 -8.992806499e-18 -3.900000000e-02  6.938893904e-18
8.330000000e+00 -8.992806499e-18 -3.900000000e-02  6.938893904e-18
8.340000000e+00 -8.992806499e-18 -3.900000000e-02  6.938893904e-18
8.350000000e+00 -8.992806499e-18 -3.900000000e-02  6.938893904e-18
8.360000000e+00 -8.992806499e-18 -3.900000000e-02  6.938893904e-18
8.370000000e+00 -8.992806499e-18 -3.900000000e-02  6.938893904e-18
8.380000000e+00 -8.992806499e-18 -3.900000000e-02  6.938893904e-18
8.390000000e+00 -8.992806499e-18 -3.900000000e-02  6.938893904e-18
8.400000000e+00 -8.992806499e-18 -3.900000000e-02  6.938893904e-18
8.410000000e+00 -8.992806499e-18 -3.900000000e-02  6.938893904e-18
8.420000000e+00 -8.992806499e-18 -3.900000000e-02  6.938893904e-18
8.430000000e+00 -8.992806499e-18 -3.900000000e-02  6.938893904e-18
8.440000000e+00 -8.992806499e-18 -3.900000000e-02  6.938893904e-18
8.450000000e+00 -8.992806499e-18 -3.900000000e-02  6.938893904e-18
8.460000000e+00 -8.992806499e-18 -3.900000000e-02  6.938893904e-18
8.470000000e+00 -8.992806499e-18 -3.900000000e-02  6.938893904e-18
8.480000000e+00 -8.992806499e-18 -3.900000000e-02  6.938893904e-18
8.490000000e+00 -8.992806499e-18 -3.900000000e-02  6.938893904e-18
8.500000000e+00 -8.992806499e-18 -3.900000000e-02  6.938893904e-18
8.510000000e+00 -8.992806499e-18 -3.900000000e-02  6.938893904e-18
8.520000000e+00 -8.992806499e-18 -3.900000000e-02  6.938893904e-18
8.530000000e+00 -8.992806499e-18 -3.900000000e-02  6.938893904e-18
8.540000000e+00 -8.992806499e-18 -3.900000000e-02  6.938893904e-18
8.550000000e+00 -8.992806499e-18 -3.900000000e-02  6.938893904e-18
8.560000000e+00 -8.992806499e-18 -3.900000000e-02  6.938893904e-18
8.570000000e+00 -8.992806499e-18 -3.900000000e-02  6.938893904e-18
8.580000000e+00 -8.992806499e-18 -3.900000000e-02  6.938893904e-18
8.590000000e+00 -8.992806499e-18 -3.900000000e-02  6.938893904e-18
8.600000000e+00 -8.992806499e-18 -3.900000000e-02  6.938893904e-18
8.610000000e+00 -8.992806499e-18 -3.900000000e-02  6.938893904e-18
8.620000000e+00 -8.992806499e-18 -3.900000000e-02  6.938893904e-18
8.630000000e+00 -8.992806499e-18 -3.900000000e-02  6.938893904e-18
8.640000000e+00 -8.992806499e-18 -3.900000000e-02  6.938893904e-18
8.650000000e+00 -8.992806499e-18 -3.900000000e-02  6.938893904e-18
8.660000000e+00 -8.992806499e-18 -3.900000000e-02  6.938893904e-18
8.670000000e+00 -8.992806499e-18 -3.900000000e-02  6.938893904e-18
8.680000000e+00 -8.992806499e-18 -3.900000000e-02  6.938893904e-18
8.690000000e+00 -8.992806499e-18 -3.900000000e-02  6.938893904e-18
8.700000000e+00 -8.992806499e-18 -3.900000000e-02  6.938893904e-18
8.710000000e+00 -8.992806499e-18 -3.900000000e-02  6.938893904e-18
8.720000000e+00 -8.992806499e-18 -3.900000000e-02  6.938893904e-18
8.730000000e+00 -8.992806499e-18 -3.900000000e-02  6.938893904e-18
8.740000000e+00 -8.992806499e-18 -3.900000000e-02  6.938893904e-18
8.750000000e+00 -8.992806499e-18 -3.900000000e-02  6.938893904e-18
8.760000000e+00 -8.992806499e-18 -3.900000000e-02  6.938893904e-18
8.770000000e+00 -8.992806499e-18 -3.900000000e-02  6.938893904e-18
8.780000000e+00 -8.992806499e-18 -3.900000000e-02  6.938893904e-18
8.790000000e+00 -8.992806499e-18 -3.900000000e-02  6.938893904e-18
8.800000000e+00 -8.992806499e-18 -3.900000000e-02  6.938893904e-18
8.810000000e+00 -8.992806499e-18 -3.900000000e-02  6.938893904e-18
8.820000000e+00 -8.992806499e-18 -3.900000000e-02  6.938893904e-18
8.830000000e+00 -8.992806499e-18 -3.900000000e-02  6.938893904e-18
8.840000000e+00 -8.992806499e-18 -3.900000000e-02  6.938893904e-18
8.850000000e+00 -8.992806499e-18 -3.900000000e-02  6.938893904e-18
8.860000000e+00 -8.992806499e-18 -3.900000000e-02  6.938893904e-18
8.870000000e+00 -8.992806499e-18 -3.900000000e-02  6.938893904e-18
8.880000000e+00 -8.992806499e-18 -3.900000000e-02  6.938893904e-18
8.890000000e+00 -8.992806499e-18 -3.900000000e-02  6.938893904e-18
8.900000000e+00 -8.992806499e-18 -3.900000000e-02  6.938893904e-18
8.910000000e+00 -8.992806499e-18 -3.900000000e-02  6.938893904e-18
8.920000000e+00 -8.992806499e-18 -3.900000000e-02  6.938893904e-18
8.930000000e+00 -8.992806499e-18 -3.900000000e-02  6.938893904e-18
8.940000000e+00 -8.992806499e-18 -3.900000000e-02  6.938893904e-18
8.950000000e+00 -8.992806499e-18 -3.900000000e-02  6.938893904e-18
8.960000000e+00 -8.992806499e-18 -3.900000000e-02  6.938893904e-18
8.970000000e+00 -8.992806499e-18 -3.900000000e-02  6.938893904e-18
8.980000000e+00 -8.992806499e-18 -3.900000000e-02  6.938893904e-18
8.990000000e+00 -8.992806499e-18 -3.900000000e-02  6.938893904e-18
9.000000000e+00 -8.992806499e-18 -3.900000000e-02  6.938893904e-18
9.010000000e+00 -8.992806499e-18 -3.900000000e-02  6.938893904e-18
9.020000000e+00 -8.992806499e-18 -3.900000000e-02  6.938893904e-18
9.030000000e+00 -8.992806499e-18 -3.900000000e-02  6.938893904e-18
9.040000000e+00 -8.992806499e-18 -3.900000000e-02  6.938893904e-18
9.050000000e+00 -8.992806499e-18 -3.900000000e-02  6.938893904e-18
9.060000000e+00 -8.992806499e-18 -3.900000000e-02  6.938893904e-18
9.070000000e+00 -8.992806499e-18 -3.900000000e-02  6.938893904e-18
9.080000000e+00 -8.992806499e-18 -3.900000000e-02  6.938893904e-18
9.090000000e+00 -8.992806499e-18 -3.900000000e-02  6.938893904e-18
9.100000000e+00 -8.992806499e-18 -3.900000000e-02  6.938893904e-18
9.110000000e+00 -8.992806499e-18 -3.900000000e-02  6.938893904e-18
9.120000000e+00 -8.992806499e-18 -3.900000000e-02  6.938893904e-18
9.130000000e+00 -8.992806499e-18 -3.900000000e-02  6.938893904e-18
9.140000000e+00 -8.992806499e-18 -3.900000000e-02  6.938893904e-18
9.150000000e+00 -8.992806499e-18 -3.900000000e-02  6.938893904e-18
9.160000000e+00 -8.992806499e-18 -3.900000000e-02  6.938893904e-18
9.170000000e+00 -8.992806499e-18 -3.900000000e-02  6.938893904e-18
9.180000000e+00 -8.992806499e-18 -3.900000000e-02  6.938893904e-18
9.190000000e+00 -8.992806499e-18 -3.900000000e-02  6.938893904e-18
9.200000000e+00 -8.992806499e-18 -3.900000000e-02  6.938893904e-18
9.210000000e+00 -8.992806499e-18 -3.900000000e-02  6.938893904e-18
9.220000000e+00 -8.992806499e-18 -3.900000000e-02  6.938893904e-18
9.230000000e+00 -8.992806499e-18 -3.900000000e-02  6.938893904e-18
9.240000000e+00 -8.992806499e-18 -3.900000000e-02  6.938893904e-18
9.250000000e+00 -8.992806499e-18 -3.900000000e-02  6.938893904e-18
9.260000000e+00 -8.992806499e-18 -3.900000000e-02  6.938893904e-18
9.270000000e+00 -8.992806499e-18 -3.900000000e-02  6.938893904e-18
9.280000000e+00 -8.992806499e-18 -3.900000000e-02  6.938893904e-18
9.290000000e+00 -8.992806499e-18 -3.900000000e-02  6.938893904e-18
9.300000000e+00 -8.992806499e-18 -3.900000000e-02  6.938893904e-18
9.310000000e+00 -8.992806499e-18 -3.900000000e-02  6.938893904e-18
9.320000000e+00 -8.992806499e-18 -3.900000000e-02  6.938893904e-18
9.330000000e+00 -8.992806499e-18 -3.900000000e-02  6.938893904e-18
9.340000000e+00 -8.992806499e-18 -3.900000000e-02  6.938893904e-18
9.350000000e+00 -8.992806499e-18 -3.900000000e-02  6.938893904e-18
9.360000000e+00 -8.992806499e-18 -3.900000000e-02  6.938893904e-18
9.370000000e+00 -8.992806499e-18 -3.900000000e-02  6.938893904e-18
9.380000000e+00 -8.992806499e-18 -3.900000000e-02  6.938893904e-18
9.390000000e+00 -8.992806499e-18 -3.900000000e-02  6.938893904e-18
9.400000000e+00 -8.992806499e-18 -3.900000000e-02  6.938893904e-18
9.410000000e+00 -8.992806499e-18 -3.900000000e-02  6.938893904e-18
9.420000000e+00 -8.992806499e-18 -3.900000000e-02  6.938893904e-18
9.430000000e+00 -8.992806499e-18 -3.900000000e-02  6.938893904e-18
9.440000000e+00 -8.992806499e-18 -3.900000000e-02  6.938893904e-18
9.450000000e+00 -8.992806499e-18 -3.900000000e-02  6.938893904e-18
9.460000000e+00 -8.992806499e-18 -3.900000000e-02  6.938893904e-18
9.470000000e+00 -8.992806499e-18 -3.900000000e-02  6.938893904e-18
9.480000000e+00 -8.992806499e-18 -3.900000000e-02  6.938893904e-18
9.490000000e+00 -8.992806499e-18 -3.900000000e-02  6.938893904e-18
9.500000000e+00 -8.992806499e-18 -3.900000000e-02  6.938893904e-18
9.510000000e+00 -8.992806499e-18 -3.900000000e-02  6.938893904e-18
9.520000000e+00 -8.992806499e-18 -3.900000000e-02  6.938893904e-18
9.530000000e+00 -8.992806499e-18 -3.900000000e-02  6.938893904e-18
9.540000000e+00 -8.992806499e-18 -3.900000000e-02  6.938893904e-18
9.550000000e+00 -8.992806499e-18 -3.900000000e-02  6.938893904e-18
9.560000000e+00 -8.992806499e-18 -3.900000000e-02  6.938893904e-18
9.570000000e+00 -8.992806499e-18 -3.900000000e-02  6.938893904e-18
9.580000000e+00 -8.992806499e-18 -3.900000000e-02  6.938893904e-18
9.590000000e+00 -8.992806499e-18 -3.900000000e-02  6.938893904e-18
9.600000000e+00 -8.992806499e-18 -3.900000000e-02  6.938893904e-18
9.610000000e+00 -8.992806499e-18 -3.900000000e-02  6.938893904e-18
9.620000000e+00 -8.992806499e-18 -3.900000000e-02  6.938893904e-18
9.630000000e+00 -8.992806499e-18 -3.900000000e-02  6.938893904e-18
9.640000000e+00 -8.992806499e-18 -3.900000000e-02  6.938893904e-18
9.650000000e+00 -8.992806499e-18 -3.900000000e-02  6.938893904e-18
9.660000000e+00 -8.992806499e-18 -3.900000000e-02  6.938893904e-18
9.670000000e+00 -8.992806499e-18 -3.900000000e-02  6.938893904e-18
9.680000000e+00 -8.992806499e-18 -3.900000000e-02  6.938893904e-18
9.690000000e+00 -8.992806499e-18 -3.900000000e-02  6.938893904e-18
9.700000000e+00 -8.992806499e-18 -3.900000000e-02  6.938893904e-18
9.710000000e+00 -8.992806499e-18 -3.900000000e-02  6.938893904e-18
9.720000000e+00 -8.992806499e-18 -3.900000000e-02  6.938893904e-18
9.730000000e+00 -8.992806499e-18 -3.900000000e-02  6.938893904e-18
9.740000000e+00 -8.992806499e-18 -3.900000000e-02  6.938893904e-18
9.750000000e+00 -8.992806499e-18 -3.900000000e-02  6.938893904e-18
9.760000000e+00 -8.992806499e-18 -3.900000000e-02  6.938893904e-18
9.770000000e+00 -8.992806499e-18 -3.900000000e-02  6.938893904e-18
9.780000000e+00 -8.992806499e-18 -3.900000000e-02  6.938893904e-18
9.790000000e+00 -8.992806499e-18 -3.900000000e-02  6.938893904e-18
9.800000000e+00 -8.992806499e-18 -3.900000000e-02  6.938893904e-18
9.810000000e+00 -8.992806499e-18 -3.900000000e-02  6.938893904e-18
9.820000000e+00 -8.992806499e-18 -3.900000000e-02  6.938893904e-18
9.830000000e+00 -8.992806499e-18 -3.900000000e-02  6.938893904e-18
9.840000000e+00 -8.992806499e-18 -3.900000000e-02  6.938893904e-18
9.850000000e+00 -8.992806499e-18 -3.900000000e-02  6.938893904e-18
9.860000000e+00 -8.992806499e-18 -3.900000000e-02  6.938893904e-18
9.870000000e+00 -8.992806499e-18 -3.900000000e-02  6.938893904e-18
9.880000000e+00 -8.992806499e-18 -3.900000000e-02  6.938893904e-18
9.890000000e+00 -8.992806499e-18 -3.900000000e-02  6.938893904e-18
9.900000000e+00 -8.992806499e-18 -3.900000000e-02  6.938893904e-18
9.910000000e+00 -8.992806499e-18 -3.900000000e-02  6.938893904e-18
9.920000000e+00 -8.992806499e-18 -3.900000000e-02  6.938893904e-18
9.930000000e+00 -8.992806499e-18 -3.900000000e-02  6.938893904e-18
9.940000000e+00 -8.992806499e-18 -3.900000000e-02  6.938893904e-18
9.950000000e+00 -8.992806499e-18 -3.900000000e-02  6.938893904e-18
9.960000000e+00 -8.992806499e-18 -3.900000000e-02  6.938893904e-18
9.970000000e+00 -8.992806499e-18 -3.900000000e-02  6.938893904e-18
9.980000000e+00 -8.992806499e-18 -3.900000000e-02  6.938893904e-18
9.990000000e+00 -8.992806499e-18 -3.900000000e-02  6.938893904e-18
1.000000000e+01 -8.992806499e-18 -3.900000000e-02  6.938893904e-18
