0.000000000e+00 0.000000000e+00 0.000000000e+00 0.000000000e+00
1.000000000e-02 0.000000000e+00 5.228136916e-09 0.000000000e+00
2.000000000e-02 0.000000000e+00 4.176233887e-08 0.000000000e+00
3.000000000e-02 0.000000000e+00 1.407362603e-07 0.000000000e+00
4.000000000e-02 0.000000000e+00 3.330958141e-07 0.000000000e+00
5.000000000e-02 0.000000000e+00 6.495995485e-07 0.000000000e+00
6.000000000e-02 0.000000000e+00 1.120819024e-06 0.000000000e+00
7.000000000e-02 0.000000000e+00 1.777139191e-06 0.000000000e+00
8.000000000e-02 0.000000000e+00 2.648758766e-06 0.000000000e+00
9.000000000e-02 0.000000000e+00 3.765690609e-06 0.000000000e+00
1.000000000e-01 0.000000000e+00 5.157762099e-06 0.000000000e+00
1.100000000e-01 0.000000000e+00 6.854615515e-06 0.000000000e+00
1.200000000e-01 0.000000000e+00 8.885708408e-06 0.000000000e+00
1.300000000e-01 0.000000000e+00 1.128031398e-05 0.000000000e+00
1.400000000e-01 0.000000000e+00 1.406752147e-05 0.000000000e+00
1.500000000e-01 0.000000000e+00 1.727623650e-05 0.000000000e+00
1.600000000e-01 0.000000000e+00 2.093518151e-05 0.000000000e+00
1.700000000e-01 0.000000000e+00 2.507289606e-05 0.000000000e+00
1.800000000e-01 0.000000000e+00 2.971773727e-05 0.000000000e+00
1.900000000e-01 0.000000000e+00 3.489788017e-05 0.000000000e+00
2.000000000e-01 0.000000000e+00 4.064131808e-05 0.000000000e+00
2.100000000e-01 0.000000000e+00 4.697586299e-05 0.000000000e+00
2.200000000e-01 0.000000000e+00 5.392914592e-05 0.000000000e+00
2.300000000e-01 0.000000000e+00 6.152861732e-05 0.000000000e+00
2.400000000e-01 0.000000000e+00 6.980154745e-05 0.000000000e+00
2.500000000e-01 0.000000000e+00 7.877502673e-05 0.000000000e+00
2.600000000e-01 0.000000000e+00 8.847596613e-05 0.000000000e+00
2.700000000e-01 0.000000000e+00 9.893109757e-05 0.000000000e+00
2.800000000e-01 0.000000000e+00 1.101669742e-04 0.000000000e+00
2.900000000e-01 0.000000000e+00 1.222099711e-04 0.000000000e+00
3.000000000e-01 0.000000000e+00 1.350862850e-04 0.000000000e+00
3.100000000e-01 0.000000000e+00 1.488219354e-04 0.000000000e+00
3.200000000e-01 0.000000000e+00 1.634427645e-04 0.000000000e+00
3.300000000e-01 0.000000000e+00 1.789744377e-04 0.000000000e+00
3.400000000e-01 0.000000000e+00 1.954424440e-04 0.000000000e+00
3.500000000e-01 0.000000000e+00 2.128720962e-04 0.000000000e+00
3.600000000e-01 0.000000000e+00 2.312885316e-04 0.000000000e+00
3.700000000e-01 0.000000000e+00 2.507167122e-04 0.000000000e+00
3.800000000e-01 0.000000000e+00 2.711814249e-04 0.000000000e+00
3.900000000e-01 0.000000000e+00 2.927072823e-04 0.000000000e+00
4.000000000e-01 0.000000000e+00 3.153187225e-04 0.000000000e+00
4.100000000e-01 0.000000000e+00 3.390400101e-04 0.000000000e+00
4.200000000e-01 0.000000000e+00 3.638952362e-04 0.000000000e+00
4.300000000e-01 0.000000000e+00 3.899083189e-04 0.000000000e+00
4.400000000e-01 0.000000000e+00 4.171030035e-04 0.000000000e+00
4.500000000e-01 0.000000000e+00 4.455028630e-04 0.000000000e+00
4.600000000e-01 0.000000000e+00 4.751312988e-04 0.000000000e+00
4.700000000e-01 0.000000000e+00 5.060115404e-04 0.000000000e+00
4.800000000e-01 0.000000000e+00 5.381666464e-04 0.000000000e+00
4.900000000e-01 0.000000000e+00 5.716195045e-04 0.000000000e+00
5.000000000e-01 0.000000000e+00 6.063928320e-04 0.000000000e+00
5.100000000e-01 0.000000000e+00 6.425091762e-04 0.000000000e+00
5.200000000e-01 0.000000000e+00 6.799909148e-04 0.000000000e+00
5.300000000e-01 0.000000000e+00 7.188602562e-04 0.000000000e+00
5.400000000e-01 0.000000000e+00 7.591392398e-04 0.000000000e+00
5.500000000e-01 0.000000000e+00 8.008497367e-04 0.000000000e+00
5.600000000e-01 0.000000000e+00 8.440134497e-04 0.000000000e+00
5.700000000e-01 0.000000000e+00 8.886519139e-04 0.000000000e+00
5.800000000e-01 0.000000000e+00 9.347864969e-04 0.000000000e+00
5.900000000e-01 0.000000000e+00 9.824383995e-04 0.000000000e+00
6.000000000e-01 0.000000000e+00 1.031628656e-03 0.000000000e+00
6.100000000e-01 0.000000000e+00 1.082378133e-03 0.000000000e+00
6.200000000e-01 0.000000000e+00 1.134707535e-03 0.000000000e+00
6.300000000e-01 0.000000000e+00 1.188637395e-03 0.000000000e+00
6.400000000e-01 0.000000000e+00 1.244188087e-03 0.000000000e+00
6.500000000e-01 0.000000000e+00 1.301379817e-03 0.000000000e+00
6.600000000e-01 0.000000000e+00 1.360232627e-03 0.000000000e+00
6.700000000e-01 0.000000000e+00 1.420766394e-03 0.000000000e+00
6.800000000e-01 0.000000000e+00 1.483000835e-03 0.000000000e+00
6.900000000e-01 0.000000000e+00 1.546955499e-03 0.000000000e+00
7.000000000e-01 0.000000000e+00 1.612649776e-03 0.000000000e+00
7.100000000e-01 0.000000000e+00 1.680102892e-03 0.000000000e+00
7.200000000e-01 0.000000000e+00 1.749333910e-03 0.000000000e+00
7.300000000e-01 0.000000000e+00 1.820361732e-03 0.000000000e+00
7.400000000e-01 0.000000000e+00 1.893205100e-03 0.000000000e+00
7.500000000e-01 0.000000000e+00 1.967882594e-03 0.000000000e+00
7.600000000e-01 0.000000000e+00 2.044412631e-03 0.000000000e+00
7.700000000e-01 0.000000000e+00 2.122813473e-03 0.000000000e+00
7.800000000e-01 0.000000000e+00 2.203103217e-03 0.000000000e+00
7.900000000e-01 0.000000000e+00 2.285299804e-03 0.000000000e+00
8.000000000e-01 0.000000000e+00 2.369421014e-03 0.000000000e+00
8.100000000e-01 0.000000000e+00 2.455484469e-03 0.000000000e+00
8.200000000e-01 0.000000000e+00 2.543507633e-03 0.000000000e+00
8.300000000e-01 0.000000000e+00 2.633507811e-03 0.000000000e+00
8.400000000e-01 0.000000000e+00 2.725502151e-03 0.000000000e+00
8.500000000e-01 0.000000000e+00 2.819507644e-03 0.000000000e+00
8.600000000e-01 0.000000000e+00 2.915541125e-03 0.000000000e+00
8.700000000e-01 0.000000000e+00 3.013619270e-03 0.000000000e+00
8.800000000e-01 0.000000000e+00 3.113758601e-03 0.000000000e+00
8.900000000e-01 0.000000000e+00 3.215975484e-03 0.000000000e+00
9.000000000e-01 0.000000000e+00 3.320286130e-03 0.000000000e+00
9.100000000e-01 0.000000000e+00 3.426706593e-03 0.000000000e+00
9.200000000e-01 0.000000000e+00 3.535252775e-03 0.000000000e+00
9.300000000e-01 0.000000000e+00 3.645940423e-03 0.000000000e+00
9.400000000e-01 0.000000000e+00 3.758785130e-03 0.000000000e+00
9.500000000e-01 0.000000000e+00 3.873802335e-03 0.000000000e+00
9.600000000e-01 0.000000000e+00 3.991007324e-03 0.000000000e+00
9.700000000e-01 0.000000000e+00 4.110415231e-03 0.000000000e+00
9.800000000e-01 0.000000000e+00 4.232041039e-03 0.000000000e+00
9.900000000e-01 0.000000000e+00 4.355899575e-03 0.000000000e+00
1.000000000e+00 0.000000000e+00 4.482005519e-03 0.000000000e+00
1.010000000e+00 0.000000000e+00 4.610373397e-03 0.000000000e+00
1.020000000e+00 0.000000000e+00 4.741017585e-03 0.000000000e+00
1.030000000e+00 0.000000000e+00 4.873952310e-03 0.000000000e+00
1.040000000e+00 0.000000000e+00 5.009191645e-03 0.000000000e+00
1.050000000e+00 0.000000000e+00 5.146749517e-03 0.000000000e+00
1.060000000e+00 0.000000000e+00 5.286639704e-03 0.000000000e+00
1.070000000e+00 0.000000000e+00 5.428875832e-03 0.000000000e+00
1.080000000e+00 0.000000000e+00 5.573471380e-03 0.000000000e+00
1.090000000e+00 0.000000000e+00 5.720439681e-03 0.000000000e+00
1.100000000e+00 0.000000000e+00 5.869793916e-03 0.000000000e+00
1.110000000e+00 0.000000000e+00 6.021547122e-03 0.000000000e+00
1.120000000e+00 0.000000000e+00 6.175712187e-03 0.000000000e+00
1.130000000e+00 0.000000000e+00 6.332301855e-03 0.000000000e+00
1.140000000e+00 0.000000000e+00 6.491328719e-03 0.000000000e+00
1.150000000e+00 0.000000000e+00 6.652805231e-03 0.000000000e+00
1.160000000e+00 0.000000000e+00 6.816743696e-03 0.000000000e+00
1.170000000e+00 0.000000000e+00 6.983156271e-03 0.000000000e+00
1.180000000e+00 0.000000000e+00 7.152054972e-03 0.000000000e+00
1.190000000e+00 0.000000000e+00 7.323451670e-03 0.000000000e+00
1.200000000e+00 0.000000000e+00 7.497358089e-03 0.000000000e+00
1.210000000e+00 0.000000000e+00 7.673785813e-03 0.000000000e+00
1.220000000e+00 0.000000000e+00 7.852746281e-03 0.000000000e+00
1.230000000e+00 0.000000000e+00 8.034250789e-03 0.000000000e+00
1.240000000e+00 0.000000000e+00 8.218310492e-03 0.000000000e+00
1.250000000e+00 0.000000000e+00 8.404936400e-03 0.000000000e+00
1.260000000e+00 0.000000000e+00 8.594139385e-03 0.000000000e+00
1.270000000e+00 0.000000000e+00 8.785930174e-03 0.000000000e+00
1.280000000e+00 0.000000000e+00 8.980319355e-03 0.000000000e+00
1.290000000e+00 0.000000000e+00 9.177317375e-03 0.000000000e+00
1.300000000e+00 0.000000000e+00 9.376934542e-03 0.000000000e+00
1.310000000e+00 0.000000000e+00 9.579181021e-03 0.000000000e+00
1.320000000e+00 0.000000000e+00 9.784066841e-03 0.000000000e+00
1.330000000e+00 0.000000000e+00 9.991601889e-03 0.000000000e+00
1.340000000e+00 0.000000000e+00 1.020179592e-02 0.000000000e+00
1.350000000e+00 0.000000000e+00 1.041465853e-02 0.000000000e+00
1.360000000e+00 0.000000000e+00 1.063019921e-02 0.000000000e+00
1.370000000e+00 0.000000000e+00 1.084842729e-02 0.000000000e+00
1.380000000e+00 0.000000000e+00 1.106935196e-02 0.000000000e+00
1.390000000e+00 0.000000000e+00 1.129298229e-02 0.000000000e+00
1.400000000e+00 0.000000000e+00 1.151932721e-02 0.000000000e+00
1.410000000e+00 0.000000000e+00 1.174839550e-02 0.000000000e+00
1.420000000e+00 0.000000000e+00 1.198019581e-02 0.000000000e+00
1.430000000e+00 0.000000000e+00 1.221473667e-02 0.000000000e+00
1.440000000e+00 0.000000000e+00 1.245202646e-02 0.000000000e+00
1.450000000e+00 0.000000000e+00 1.269207342e-02 0.000000000e+00
1.460000000e+00 0.000000000e+00 1.293488567e-02 0.000000000e+00
1.470000000e+00 0.000000000e+00 1.318047119e-02 0.000000000e+00
1.480000000e+00 0.000000000e+00 1.342883782e-02 0.000000000e+00
1.490000000e+00 0.000000000e+00 1.367999329e-02 0.000000000e+00
1.500000000e+00 0.000000000e+00 1.393394517e-02 0.000000000e+00
1.510000000e+00 0.000000000e+00 1.419070090e-02 0.000000000e+00
1.520000000e+00 0.000000000e+00 1.445026782e-02 0.000000000e+00
1.530000000e+00 0.000000000e+00 1.471265310e-02 0.000000000e+00
1.540000000e+00 0.000000000e+00 1.497786379e-02 0.000000000e+00
1.550000000e+00 0.000000000e+00 1.524590683e-02 0.000000000e+00
1.560000000e+00 0.000000000e+00 1.551678900e-02 0.000000000e+00
1.570000000e+00 0.000000000e+00 1.579051696e-02 0.000000000e+00
1.580000000e+00 0.000000000e+00 1.606709725e-02 0.000000000e+00
1.590000000e+00 0.000000000e+00 1.634653628e-02 0.000000000e+00
1.600000000e+00 0.000000000e+00 1.662884031e-02 0.000000000e+00
1.610000000e+00 0.000000000e+00 1.691401550e-02 0.000000000e+00
1.620000000e+00 0.000000000e+00 1.720206785e-02 0.000000000e+00
1.630000000e+00 0.000000000e+00 1.749300327e-02 0.000000000e+00
1.640000000e+00 0.000000000e+00 1.778682752e-02 0.000000000e+00
1.650000000e+00 0.000000000e+00 1.808354622e-02 0.000000000e+00
1.660000000e+00 0.000000000e+00 1.838316490e-02 0.000000000e+00
1.670000000e+00 0.000000000e+00 1.868568893e-02 0.000000000e+00
1.680000000e+00 0.000000000e+00 1.899112357e-02 0.000000000e+00
1.690000000e+00 0.000000000e+00 1.929947395e-02 0.000000000e+00
1.700000000e+00 0.000000000e+00 1.961074508e-02 0.000000000e+00
1.710000000e+00 0.000000000e+00 1.992494183e-02 0.000000000e+00
1.720000000e+00 0.000000000e+00 2.024206898e-02 0.000000000e+00
1.730000000e+00 0.000000000e+00 2.056213114e-02 0.000000000e+00
1.740000000e+00 0.000000000e+00 2.088513283e-02 0.000000000e+00
1.750000000e+00 0.000000000e+00 2.121107844e-02 0.000000000e+00
1.760000000e+00 0.000000000e+00 2.153997222e-02 0.000000000e+00
1.770000000e+00 0.000000000e+00 2.187181833e-02 0.000000000e+00
1.780000000e+00 0.000000000e+00 2.220662077e-02 0.000000000e+00
1.790000000e+00 0.000000000e+00 2.254438344e-02 0.000000000e+00
1.800000000e+00 0.000000000e+00 2.288511013e-02 0.000000000e+00
1.810000000e+00 0.000000000e+00 2.322880448e-02 0.000000000e+00
1.820000000e+00 0.000000000e+00 2.357547002e-02 0.000000000e+00
1.830000000e+00 0.000000000e+00 2.392511018e-02 0.000000000e+00
1.840000000e+00 0.000000000e+00 2.427772824e-02 0.000000000e+00
1.850000000e+00 0.000000000e+00 2.463332739e-02 0.000000000e+00
1.860000000e+00 0.000000000e+00 2.499191066e-02 0.000000000e+00
1.870000000e+00 0.000000000e+00 2.535348101e-02 0.000000000e+00
1.880000000e+00 0.000000000e+00 2.571804124e-02 0.000000000e+00
1.890000000e+00 0.000000000e+00 2.608559406e-02 0.000000000e+00
1.900000000e+00 0.000000000e+00 2.645614206e-02 0.000000000e+00
1.910000000e+00 0.000000000e+00 2.682968768e-02 0.000000000e+00
1.920000000e+00 0.000000000e+00 2.720623329e-02 0.000000000e+00
1.930000000e+00 0.000000000e+00 2.758578112e-02 0.000000000e+00
1.940000000e+00 0.000000000e+00 2.796833328e-02 0.000000000e+00
1.950000000e+00 0.000000000e+00 2.835389176e-02 0.000000000e+00
1.960000000e+00 0.000000000e+00 2.874245846e-02 0.000000000e+00
1.970000000e+00 0.000000000e+00 2.913403515e-02 0.000000000e+00
1.980000000e+00 0.000000000e+00 2.952862347e-02 0.000000000e+00
1.990000000e+00 0.000000000e+00 2.992622497e-02 0.000000000e+00
2.000000000e+00 0.000000000e+00 3.032684108e-02 0.000000000e+00
2.010000000e+00 0.000000000e+00 3.073047311e-02 0.000000000e+00
2.020000000e+00 0.000000000e+00 3.113712226e-02 0.000000000e+00
2.030000000e+00 0.000000000e+00 3.154678962e-02 0.000000000e+00
2.040000000e+00 0.000000000e+00 3.195947615e-02 0.000000000e+00
2.050000000e+00 0.000000000e+00 3.237518274e-02 0.000000000e+00
2.060000000e+00 0.000000000e+00 3.279391012e-02 0.000000000e+00
2.070000000e+00 0.000000000e+00 3.321565894e-02 0.000000000e+00
2.080000000e+00 0.000000000e+00 3.364042972e-02 0.000000000e+00
2.090000000e+00 0.000000000e+00 3.406822289e-02 0.000000000e+00
2.100000000e+00 0.000000000e+00 3.449903876e-02 0.000000000e+00
2.110000000e+00 0.000000000e+00 3.493287752e-02 0.000000000e+00
2.120000000e+00 0.000000000e+00 3.536973926e-02 0.000000000e+00
2.130000000e+00 0.000000000e+00 3.580962397e-02 0.000000000e+00
2.140000000e+00 0.000000000e+00 3.625253152e-02 0.000000000e+00
2.150000000e+00 0.000000000e+00 3.669846166e-02 0.000000000e+00
2.160000000e+00 0.000000000e+00 3.714741407e-02 0.000000000e+00
2.170000000e+00 0.000000000e+00 3.759938828e-02 0.000000000e+00
2.180000000e+00 0.000000000e+00 3.805438375e-02 0.000000000e+00
2.190000000e+00 0.000000000e+00 3.851239979e-02 0.000000000e+00
2.200000000e+00 0.000000000e+00 3.897343565e-02 0.000000000e+00
2.210000000e+00 0.000000000e+00 3.943749045e-02 0.000000000e+00
2.220000000e+00 0.000000000e+00 3.990456320e-02 0.000000000e+00
2.230000000e+00 0.000000000e+00 4.037465281e-02 0.000000000e+00
2.240000000e+00 0.000000000e+00 4.084775810e-02 0.000000000e+00
2.250000000e+00 0.000000000e+00 4.132387777e-02 0.000000000e+00
2.260000000e+00 0.000000000e+00 4.180301040e-02 0.000000000e+00
2.270000000e+00 0.000000000e+00 4.228515451e-02 0.000000000e+00
2.280000000e+00 0.000000000e+00 4.277030849e-02 0.000000000e+00
2.290000000e+00 0.000000000e+00 4.325847061e-02 0.000000000e+00
2.300000000e+00 0.000000000e+00 4.374963907e-02 0.000000000e+00
2.310000000e+00 0.000000000e+00 4.424381195e-02 0.000000000e+00
2.320000000e+00 0.000000000e+00 4.474098724e-02 0.000000000e+00
2.330000000e+00 0.000000000e+00 4.524116282e-02 0.000000000e+00
2.340000000e+00 0.000000000e+00 4.574433646e-02 0.000000000e+00
2.350000000e+00 0.000000000e+00 4.625050584e-02 0.000000000e+00
2.360000000e+00 0.000000000e+00 4.675966855e-02 0.000000000e+00
2.370000000e+00 0.000000000e+00 4.727182207e-02 0.000000000e+00
2.380000000e+00 0.000000000e+00 4.778696377e-02 0.000000000e+00
2.390000000e+00 0.000000000e+00 4.830509093e-02 0.000000000e+00
2.400000000e+00 0.000000000e+00 4.882620074e-02 0.000000000e+00
2.410000000e+00 0.000000000e+00 4.935029028e-02 0.000000000e+00
2.420000000e+00 0.000000000e+00 4.987735653e-02 0.000000000e+00
2.430000000e+00 0.000000000e+00 5.040739639e-02 0.000000000e+00
2.440000000e+00 0.000000000e+00 5.094040664e-02 0.000000000e+00
2.450000000e+00 0.000000000e+00 5.147638397e-02 0.000000000e+00
2.460000000e+00 0.000000000e+00 5.201532500e-02 0.000000000e+00
2.470000000e+00 0.000000000e+00 5.255722620e-02 0.000000000e+00
2.480000000e+00 0.000000000e+00 5.310208400e-02 0.000000000e+00
2.490000000e+00 0.000000000e+00 5.364989469e-02 0.000000000e+00
2.500000000e+00 0.000000000e+00 5.420065451e-02 0.000000000e+00
2.510000000e+00 0.000000000e+00 5.475435955e-02 0.000000000e+00
2.520000000e+00 0.000000000e+00 5.531100586e-02 0.000000000e+00
2.530000000e+00 0.000000000e+00 5.587058936e-02 0.000000000e+00
2.540000000e+00 0.000000000e+00 5.643310589e-02 0.000000000e+00
2.550000000e+00 0.000000000e+00 5.699855121e-02 0.000000000e+00
2.560000000e+00 0.000000000e+00 5.756692095e-02 0.000000000e+00
2.570000000e+00 0.000000000e+00 5.813821068e-02 0.000000000e+00
2.580000000e+00 0.000000000e+00 5.871241587e-02 0.000000000e+00
2.590000000e+00 0.000000000e+00 5.928953190e-02 0.000000000e+00
2.600000000e+00 0.000000000e+00 5.986955404e-02 0.000000000e+00
2.610000000e+00 0.000000000e+00 6.045247751e-02 0.000000000e+00
2.620000000e+00 0.000000000e+00 6.103829739e-02 0.000000000e+00
2.630000000e+00 0.000000000e+00 6.162700871e-02 0.000000000e+00
2.640000000e+00 0.000000000e+00 6.221860639e-02 0.000000000e+00
2.650000000e+00 0.000000000e+00 6.281308526e-02 0.000000000e+00
2.660000000e+00 0.000000000e+00 6.341044007e-02 0.000000000e+00
2.670000000e+00 0.000000000e+00 6.401066548e-02 0.000000000e+00
2.680000000e+00 0.000000000e+00 6.461375606e-02 0.000000000e+00
2.690000000e+00 0.000000000e+00 6.521970628e-02 0.000000000e+00
2.700000000e+00 0.000000000e+00 6.582851055e-02 0.000000000e+00
2.710000000e+00 0.000000000e+00 6.644016316e-02 0.000000000e+00
2.720000000e+00 0.000000000e+00 6.705465835e-02 0.000000000e+00
2.730000000e+00 0.000000000e+00 6.767199024e-02 0.000000000e+00
2.740000000e+00 0.000000000e+00 6.829215288e-02 0.000000000e+00
2.750000000e+00 0.000000000e+00 6.891514023e-02 0.000000000e+00
2.760000000e+00 0.000000000e+00 6.954094617e-02 0.000000000e+00
2.770000000e+00 0.000000000e+00 7.016956450e-02 0.000000000e+00
2.780000000e+00 0.000000000e+00 7.080098892e-02 0.000000000e+00
2.790000000e+00 0.000000000e+00 7.143521305e-02 0.000000000e+00
2.800000000e+00 0.000000000e+00 7.207223043e-02 0.000000000e+00
2.810000000e+00 0.000000000e+00 7.271203453e-02 0.000000000e+00
2.820000000e+00 0.000000000e+00 7.335461872e-02 0.000000000e+00
2.830000000e+00 0.000000000e+00 7.399997628e-02 0.000000000e+00
2.840000000e+00 0.000000000e+00 7.464810042e-02 0.000000000e+00
2.850000000e+00 0.000000000e+00 7.529898428e-02 0.000000000e+00
2.860000000e+00 0.000000000e+00 7.595262090e-02 0.000000000e+00
2.870000000e+00 0.000000000e+00 7.660900324e-02 0.000000000e+00
2.880000000e+00 0.000000000e+00 7.726812419e-02 0.000000000e+00
2.890000000e+00 0.000000000e+00 7.792997655e-02 0.000000000e+00
2.900000000e+00 0.000000000e+00 7.859455304e-02 0.000000000e+00
2.910000000e+00 0.000000000e+00 7.926184632e-02 0.000000000e+00
2.920000000e+00 0.000000000e+00 7.993184894e-02 0.000000000e+00
2.930000000e+00 0.000000000e+00 8.060455339e-02 0.000000000e+00
2.940000000e+00 0.000000000e+00 8.127995208e-02 0.000000000e+00
2.950000000e+00 0.000000000e+00 8.195803734e-02 0.000000000e+00
2.960000000e+00 0.000000000e+00 8.263880143e-02 0.000000000e+00
2.970000000e+00 0.000000000e+00 8.332223651e-02 0.000000000e+00
2.980000000e+00 0.000000000e+00 8.400833468e-02 0.000000000e+00
2.990000000e+00 0.000000000e+00 8.469708797e-02 0.000000000e+00
3.000000000e+00 0.000000000e+00 8.538848832e-02 0.000000000e+00
3.010000000e+00 0.000000000e+00 8.608252761e-02 0.000000000e+00
3.020000000e+00 0.000000000e+00 8.677919762e-02 0.000000000e+00
3.030000000e+00 0.000000000e+00 8.747849007e-02 0.000000000e+00
3.040000000e+00 0.000000000e+00 8.818039662e-02 0.000000000e+00
3.050000000e+00 0.000000000e+00 8.888490882e-02 0.000000000e+00
3.060000000e+00 0.000000000e+00 8.959201819e-02 0.000000000e+00
3.070000000e+00 0.000000000e+00 9.030171613e-02 0.000000000e+00
3.080000000e+00 0.000000000e+00 9.101399400e-02 0.000000000e+00
3.090000000e+00 0.000000000e+00 9.172884307e-02 0.000000000e+00
3.100000000e+00 0.000000000e+00 9.244625456e-02 0.000000000e+00
3.110000000e+00 0.000000000e+00 9.316621959e-02 0.000000000e+00
3.120000000e+00 0.000000000e+00 9.388872922e-02 0.000000000e+00
3.130000000e+00 0.000000000e+00 9.461377445e-02 0.000000000e+00
3.140000000e+00 0.000000000e+00 9.534134619e-02 0.000000000e+00
3.150000000e+00 0.000000000e+00 9.607143530e-02 0.000000000e+00
3.160000000e+00 0.000000000e+00 9.680403254e-02 0.000000000e+00
3.170000000e+00 0.000000000e+00 9.753912863e-02 0.000000000e+00
3.180000000e+00 0.000000000e+00 9.827671421e-02 0.000000000e+00
3.190000000e+00 0.000000000e+00 9.901677984e-02 0.000000000e+00
3.200000000e+00 0.000000000e+00 9.975931604e-02 0.000000000e+00
3.210000000e+00 0.000000000e+00 1.005043132e-01 0.000000000e+00
3.220000000e+00 0.000000000e+00 1.012517618e-01 0.000000000e+00
3.230000000e+00 0.000000000e+00 1.020016520e-01 0.000000000e+00
3.240000000e+00 0.000000000e+00 1.027539741e-01 0.000000000e+00
3.250000000e+00 0.000000000e+00 1.035087182e-01 0.000000000e+00
3.260000000e+00 0.000000000e+00 1.042658745e-01 0.000000000e+00
3.270000000e+00 0.000000000e+00 1.050254329e-01 0.000000000e+00
3.280000000e+00 0.000000000e+00 1.057873836e-01 0.000000000e+00
3.290000000e+00 0.000000000e+00 1.065517162e-01 0.000000000e+00
3.300000000e+00 0.000000000e+00 1.073184208e-01 0.000000000e+00
3.310000000e+00 0.000000000e+00 1.080874870e-01 0.000000000e+00
3.320000000e+00 0.000000000e+00 1.088589045e-01 0.000000000e+00
3.330000000e+00 0.000000000e+00 1.096326631e-01 0.000000000e+00
3.340000000e+00 0.000000000e+00 1.104087523e-01 0.000000000e+00
3.350000000e+00 0.000000000e+00 1.111871615e-01 0.000000000e+00
3.360000000e+00 0.000000000e+00 1.119678803e-01 0.000000000e+00
3.370000000e+00 0.000000000e+00 1.127508981e-01 0.000000000e+00
3.380000000e+00 0.000000000e+00 1.135362042e-01 0.000000000e+00
3.390000000e+00 0.000000000e+00 1.143237878e-01 0.000000000e+00
3.400000000e+00 0.000000000e+00 1.151136382e-01 0.000000000e+00
3.410000000e+00 0.000000000e+00 1.159057445e-01 0.000000000e+00
3.420000000e+00 0.000000000e+00 1.167000957e-01 0.000000000e+00
3.430000000e+00 0.000000000e+00 1.174966811e-01 0.000000000e+00
3.440000000e+00 0.000000000e+00 1.182954894e-01 0.000000000e+00
3.450000000e+00 0.000000000e+00 1.190965096e-01 0.000000000e+00
3.460000000e+00 0.000000000e+00 1.198997305e-01 0.000000000e+00
3.470000000e+00 0.000000000e+00 1.207051410e-01 0.000000000e+00
3.480000000e+00 0.000000000e+00 1.215127298e-01 0.000000000e+00
3.490000000e+00 0.000000000e+00 1.223224855e-01 0.000000000e+00
3.500000000e+00 0.000000000e+00 1.231343968e-01 0.000000000e+00
3.510000000e+00 0.000000000e+00 1.239484522e-01 0.000000000e+00
3.520000000e+00 0.000000000e+00 1.247646403e-01 0.000000000e+00
3.530000000e+00 0.000000000e+00 1.255829495e-01 0.000000000e+00
3.540000000e+00 0.000000000e+00 1.264033681e-01 0.000000000e+00
3.550000000e+00 0.000000000e+00 1.272258845e-01 0.000000000e+00
3.560000000e+00 0.000000000e+00 1.280504871e-01 0.000000000e+00
3.570000000e+00 0.000000000e+00 1.288771640e-01 0.000000000e+00
3.580000000e+00 0.000000000e+00 1.297059033e-01 0.000000000e+00
3.590000000e+00 0.000000000e+00 1.305366933e-01 0.000000000e+00
3.600000000e+00 0.000000000e+00 1.313695220e-01 0.000000000e+00
3.610000000e+00 0.000000000e+00 1.322043774e-01 0.000000000e+00
3.620000000e+00 0.000000000e+00 1.330412474e-01 0.000000000e+00
3.630000000e+00 0.000000000e+00 1.338801201e-01 0.000000000e+00
3.640000000e+00 0.000000000e+00 1.347209831e-01 0.000000000e+00
3.650000000e+00 0.000000000e+00 1.355638243e-01 0.000000000e+00
3.660000000e+00 0.000000000e+00 1.364086316e-01 0.000000000e+00
3.670000000e+00 0.000000000e+00 1.372553925e-01 0.000000000e+00
3.680000000e+00 0.000000000e+00 1.381040948e-01 0.000000000e+00
3.690000000e+00 0.000000000e+00 1.389547260e-01 0.000000000e+00
3.700000000e+00 0.000000000e+00 1.398072737e-01 0.000000000e+00
3.710000000e+00 0.000000000e+00 1.406617253e-01 0.000000000e+00
3.720000000e+00 0.000000000e+00 1.415180685e-01 0.000000000e+00
3.730000000e+00 0.000000000e+00 1.423762904e-01 0.000000000e+00
3.740000000e+00 0.000000000e+00 1.432363786e-01 0.000000000e+00
3.750000000e+00 0.000000000e+00 1.440983203e-01 0.000000000e+00
3.760000000e+00 0.000000000e+00 1.449621027e-01 0.000000000e+00
3.770000000e+00 0.000000000e+00 1.458277132e-01 0.000000000e+00
3.780000000e+00 0.000000000e+00 1.466951387e-01 0.000000000e+00
3.790000000e+00 0.000000000e+00 1.475643666e-01 0.000000000e+00
3.800000000e+00 0.000000000e+00 1.484353838e-01 0.000000000e+00
3.810000000e+00 0.000000000e+00 1.493081774e-01 0.000000000e+00
3.820000000e+00 0.000000000e+00 1.501827344e-01 0.000000000e+00
3.830000000e+00 0.000000000e+00 1.510590416e-01 0.000000000e+00
3.840000000e+00 0.000000000e+00 1.519370861e-01 0.000000000e+00
3.850000000e+00 0.000000000e+00 1.528168546e-01 0.000000000e+00
3.860000000e+00 0.000000000e+00 1.536983340e-01 0.000000000e+00
3.870000000e+00 0.000000000e+00 1.545815109e-01 0.000000000e+00
3.880000000e+00 0.000000000e+00 1.554663722e-01 0.000000000e+00
3.890000000e+00 0.000000000e+00 1.563529045e-01 0.000000000e+00
3.900000000e+00 0.000000000e+00 1.572410945e-01 0.000000000e+00
3.910000000e+00 0.000000000e+00 1.581309287e-01 0.000000000e+00
3.920000000e+00 0.000000000e+00 1.590223937e-01 0.000000000e+00
3.930000000e+00 0.000000000e+00 1.599154761e-01 0.000000000e+00
3.940000000e+00 0.000000000e+00 1.608101621e-01 0.000000000e+00
3.950000000e+00 0.000000000e+00 1.617064384e-01 0.000000000e+00
3.960000000e+00 0.000000000e+00 1.626042913e-01 0.000000000e+00
3.970000000e+00 0.000000000e+00 1.635037072e-01 0.000000000e+00
3.980000000e+00 0.000000000e+00 1.644046723e-01 0.000000000e+00
3.990000000e+00 0.000000000e+00 1.653071729e-01 0.000000000e+00
4.000000000e+00 0.000000000e+00 1.662111953e-01 0.000000000e+00
4.010000000e+00 0.000000000e+00 1.671167257e-01 0.000000000e+00
4.020000000e+00 0.000000000e+00 1.680237502e-01 0.000000000e+00
4.030000000e+00 0.000000000e+00 1.689322549e-01 0.000000000e+00
4.040000000e+00 0.000000000e+00 1.698422259e-01 0.000000000e+00
4.050000000e+00 0.000000000e+00 1.707536494e-01 0.000000000e+00
4.060000000e+00 0.000000000e+00 1.716665112e-01 0.000000000e+00
4.070000000e+00 0.000000000e+00 1.725807973e-01 0.000000000e+00
4.080000000e+00 0.000000000e+00 1.734964938e-01 0.000000000e+00
4.090000000e+00 0.000000000e+00 1.744135864e-01 0.000000000e+00
4.100000000e+00 0.000000000e+00 1.753320612e-01 0.000000000e+00
4.110000000e+00 0.000000000e+00 1.762519038e-01 0.000000000e+00
4.120000000e+00 0.000000000e+00 1.771731002e-01 0.000000000e+00
4.130000000e+00 0.000000000e+00 1.780956360e-01 0.000000000e+00
4.140000000e+00 0.000000000e+00 1.790194970e-01 0.000000000e+00
4.150000000e+00 0.000000000e+00 1.799446690e-01 0.000000000e+00
4.160000000e+00 0.000000000e+00 1.808711376e-01 0.000000000e+00
4.170000000e+00 0.000000000e+00 1.817988884e-01 0.000000000e+00
4.180000000e+00 0.000000000e+00 1.827279070e-01 0.000000000e+00
4.190000000e+00 0.000000000e+00 1.836581790e-01 0.000000000e+00
4.200000000e+00 0.000000000e+00 1.845896900e-01 0.000000000e+00
4.210000000e+00 0.000000000e+00 1.855224254e-01 0.000000000e+00
4.220000000e+00 0.000000000e+00 1.864563708e-01 0.000000000e+00
4.230000000e+00 0.000000000e+00 1.873915116e-01 0.000000000e+00
4.240000000e+00 0.000000000e+00 1.883278332e-01 0.000000000e+00
4.250000000e+00 0.000000000e+00 1.892653210e-01 0.000000000e+00
4.260000000e+00 0.000000000e+00 1.902039604e-01 0.000000000e+00
4.270000000e+00 0.000000000e+00 1.911437368e-01 0.000000000e+00
4.280000000e+00 0.000000000e+00 1.920846353e-01 0.000000000e+00
4.290000000e+00 0.000000000e+00 1.930266415e-01 0.000000000e+00
4.300000000e+00 0.000000000e+00 1.939697403e-01 0.000000000e+00
4.310000000e+00 0.000000000e+00 1.949139172e-01 0.000000000e+00
4.320000000e+00 0.000000000e+00 1.958591573e-01 0.000000000e+00
4.330000000e+00 0.000000000e+00 1.968054458e-01 0.000000000e+00
4.340000000e+00 0.000000000e+00 1.977527678e-01 0.000000000e+00
4.350000000e+00 0.000000000e+00 1.987011084e-01 0.000000000e+00
4.360000000e+00 0.000000000e+00 1.996504529e-01 0.000000000e+00
4.370000000e+00 0.000000000e+00 2.006007861e-01 0.000000000e+00
4.380000000e+00 0.000000000e+00 2.015520933e-01 0.000000000e+00
4.390000000e+00 0.000000000e+00 2.025043593e-01 0.000000000e+00
4.400000000e+00 0.000000000e+00 2.034575693e-01 0.000000000e+00
4.410000000e+00 0.000000000e+00 2.044117082e-01 0.000000000e+00
4.420000000e+00 0.000000000e+00 2.053667610e-01 0.000000000e+00
4.430000000e+00 0.000000000e+00 2.063227125e-01 0.000000000e+00
4.440000000e+00 0.000000000e+00 2.072795478e-01 0.000000000e+00
4.450000000e+00 0.000000000e+00 2.082372517e-01 0.000000000e+00
4.460000000e+00 0.000000000e+00 2.091958090e-01 0.000000000e+00
4.470000000e+00 0.000000000e+00 2.101552047e-01 0.000000000e+00
4.480000000e+00 0.000000000e+00 2.111154236e-01 0.000000000e+00
4.490000000e+00 0.000000000e+00 2.120764505e-01 0.000000000e+00
4.500000000e+00 0.000000000e+00 2.130382701e-01 0.000000000e+00
4.510000000e+00 0.000000000e+00 2.140008672e-01 0.000000000e+00
4.520000000e+00 0.000000000e+00 2.149642267e-01 0.000000000e+00
4.530000000e+00 0.000000000e+00 2.159283332e-01 0.000000000e+00
4.540000000e+00 0.000000000e+00 2.168931714e-01 0.000000000e+00
4.550000000e+00 0.000000000e+00 2.178587261e-01 0.000000000e+00
4.560000000e+00 0.000000000e+00 2.188249819e-01 0.000000000e+00
4.570000000e+00 0.000000000e+00 2.197919235e-01 0.000000000e+00
4.580000000e+00 0.000000000e+00 2.207595356e-01 0.000000000e+00
4.590000000e+00 0.000000000e+00 2.217278027e-01 0.000000000e+00
4.600000000e+00 0.000000000e+00 2.226967095e-01 0.000000000e+00
4.610000000e+00 0.000000000e+00 2.236662407e-01 0.000000000e+00
4.620000000e+00 0.000000000e+00 2.246363807e-01 0.000000000e+00
4.630000000e+00 0.000000000e+00 2.256071141e-01 0.000000000e+00
4.640000000e+00 0.000000000e+00 2.265784256e-01 0.000000000e+00
4.650000000e+00 0.000000000e+00 2.275502996e-01 0.000000000e+00
4.660000000e+00 0.000000000e+00 2.285227207e-01 0.000000000e+00
4.670000000e+00 0.000000000e+00 2.294956735e-01 0.000000000e+00
4.680000000e+00 0.000000000e+00 2.304691423e-01 0.000000000e+00
4.690000000e+00 0.000000000e+00 2.314431117e-01 0.000000000e+00
4.700000000e+00 0.000000000e+00 2.324175662e-01 0.000000000e+00
4.710000000e+00 0.000000000e+00 2.333924902e-01 0.000000000e+00
4.720000000e+00 0.000000000e+00 2.343678682e-01 0.000000000e+00
4.730000000e+00 0.000000000e+00 2.353436847e-01 0.000000000e+00
4.740000000e+00 0.000000000e+00 2.363199240e-01 0.000000000e+00
4.750000000e+00 0.000000000e+00 2.372965707e-01 0.000000000e+00
4.760000000e+00 0.000000000e+00 2.382736090e-01 0.000000000e+00
4.770000000e+00 0.000000000e+00 2.392510235e-01 0.000000000e+00
4.780000000e+00 0.000000000e+00 2.402287985e-01 0.000000000e+00
4.790000000e+00 0.000000000e+00 2.412069184e-01 0.000000000e+00
4.800000000e+00 0.000000000e+00 2.421853676e-01 0.000000000e+00
4.810000000e+00 0.000000000e+00 2.431641305e-01 0.000000000e+00
4.820000000e+00 0.000000000e+00 2.441431913e-01 0.000000000e+00
4.830000000e+00 0.000000000e+00 2.451225346e-01 0.000000000e+00
4.840000000e+00 0.000000000e+00 2.461021445e-01 0.000000000e+00
4.850000000e+00 0.000000000e+00 2.470820056e-01 0.000000000e+00
4.860000000e+00 0.000000000e+00 2.480621020e-01 0.000000000e+00
4.870000000e+00 0.000000000e+00 2.490424182e-01 0.000000000e+00
4.880000000e+00 0.000000000e+00 2.500229385e-01 0.000000000e+00
4.890000000e+00 0.000000000e+00 2.510036471e-01 0.000000000e+00
4.900000000e+00 0.000000000e+00 2.519845284e-01 0.000000000e+00
4.910000000e+00 0.000000000e+00 2.529655668e-01 0.000000000e+00
4.920000000e+00 0.000000000e+00 2.539467465e-01 0.000000000e+00
4.930000000e+00 0.000000000e+00 2.549280518e-01 0.000000000e+00
4.940000000e+00 0.000000000e+00 2.559094670e-01 0.000000000e+00
4.950000000e+00 0.000000000e+00 2.568909765e-01 0.000000000e+00
4.960000000e+00 0.000000000e+00 2.578725645e-01 0.000000000e+00
4.970000000e+00 0.000000000e+00 2.588542154e-01 0.000000000e+00
4.980000000e+00 0.000000000e+00 2.598359133e-01 0.000000000e+00
4.990000000e+00 0.000000000e+00 2.608176427e-01 0.000000000e+00
5.000000000e+00 0.000000000e+00 2.617993878e-01 0.000000000e+00
5.010000000e+00 0.000000000e+00 2.627811329e-01 0.000000000e+00
5.020000000e+00 0.000000000e+00 2.637628623e-01 0.000000000e+00
5.030000000e+00 0.000000000e+00 2.647445602e-01 0.000000000e+00
5.040000000e+00 0.000000000e+00 2.657262111e-01 0.000000000e+00
5.050000000e+00 0.000000000e+00 2.667077991e-01 0.000000000e+00
5.060000000e+00 0.000000000e+00 2.676893086e-01 0.000000000e+00
5.070000000e+00 0.000000000e+00 2.686707238e-01 0.000000000e+00
5.080000000e+00 0.000000000e+00 2.696520291e-01 0.000000000e+00
5.090000000e+00 0.000000000e+00 2.706332088e-01 0.000000000e+00
5.100000000e+00 0.000000000e+00 2.716142472e-01 0.000000000e+00
5.110000000e+00 0.000000000e+00 2.725951285e-01 0.000000000e+00
5.120000000e+00 0.000000000e+00 2.735758371e-01 0.000000000e+00
5.130000000e+00 0.000000000e+00 2.745563574e-01 0.000000000e+00
5.140000000e+00 0.000000000e+00 2.755366736e-01 0.000000000e+00
5.150000000e+00 0.000000000e+00 2.765167700e-01 0.000000000e+00
5.160000000e+00 0.000000000e+00 2.774966311e-01 0.000000000e+00
5.170000000e+00 0.000000000e+00 2.784762410e-01 0.000000000e+00
5.180000000e+00 0.000000000e+00 2.794555843e-01 0.000000000e+00
5.190000000e+00 0.000000000e+00 2.804346451e-01 0.000000000e+00
5.200000000e+00 0.000000000e+00 2.814134080e-01 0.000000000e+00
5.210000000e+00 0.000000000e+00 2.823918572e-01 0.000000000e+00
5.220000000e+00 0.000000000e+00 2.833699771e-01 0.000000000e+00
5.230000000e+00 0.000000000e+00 2.843477521e-01 0.000000000e+00
5.240000000e+00 0.000000000e+00 2.853251666e-01 0.000000000e+00
5.250000000e+00 0.000000000e+00 2.863022049e-01 0.000000000e+00
5.260000000e+00 0.000000000e+00 2.872788516e-01 0.000000000e+00
5.270000000e+00 0.000000000e+00 2.882550909e-01 0.000000000e+00
5.280000000e+00 0.000000000e+00 2.892309074e-01 0.000000000e+00
5.290000000e+00 0.000000000e+00 2.902062854e-01 0.000000000e+00
5.300000000e+00 0.000000000e+00 2.911812094e-01 0.000000000e+00
5.310000000e+00 0.000000000e+00 2.921556639e-01 0.000000000e+00
5.320000000e+00 0.000000000e+00 2.931296333e-01 0.000000000e+00
5.330000000e+00 0.000000000e+00 2.941031021e-01 0.000000000e+00
5.340000000e+00 0.000000000e+00 2.950760549e-01 0.000000000e+00
5.350000000e+00 0.000000000e+00 2.960484760e-01 0.000000000e+00
5.360000000e+00 0.000000000e+00 2.970203500e-01 0.000000000e+00
5.370000000e+00 0.000000000e+00 2.979916615e-01 0.000000000e+00
5.380000000e+00 0.000000000e+00 2.989623949e-01 0.000000000e+00
5.390000000e+00 0.000000000e+00 2.999325349e-01 0.000000000e+00
5.400000000e+00 0.000000000e+00 3.009020661e-01 0.000000000e+00
5.410000000e+00 0.000000000e+00 3.018709729e-01 0.000000000e+00
5.420000000e+00 0.000000000e+00 3.028392400e-01 0.000000000e+00
5.430000000e+00 0.000000000e+00 3.038068521e-01 0.000000000e+00
5.440000000e+00 0.000000000e+00 3.047737937e-01 0.000000000e+00
5.450000000e+00 0.000000000e+00 3.057400495e-01 0.000000000e+00
5.460000000e+00 0.000000000e+00 3.067056042e-01 0.000000000e+00
5.470000000e+00 0.000000000e+00 3.076704424e-01 0.000000000e+00
5.480000000e+00 0.000000000e+00 3.086345489e-01 0.000000000e+00
5.490000000e+00 0.000000000e+00 3.095979084e-01 0.000000000e+00
5.500000000e+00 0.000000000e+00 3.105605055e-01 0.000000000e+00
5.510000000e+00 0.000000000e+00 3.115223251e-01 0.000000000e+00
5.520000000e+00 0.000000000e+00 3.124833520e-01 0.000000000e+00
5.530000000e+00 0.000000000e+00 3.134435708e-01 0.000000000e+00
5.540000000e+00 0.000000000e+00 3.144029665e-01 0.000000000e+00
5.550000000e+00 0.000000000e+00 3.153615239e-01 0.000000000e+00
5.560000000e+00 0.000000000e+00 3.163192278e-01 0.000000000e+00
5.570000000e+00 0.000000000e+00 3.172760631e-01 0.000000000e+00
5.580000000e+00 0.000000000e+00 3.182320146e-01 0.000000000e+00
5.590000000e+00 0.000000000e+00 3.191870674e-01 0.000000000e+00
5.600000000e+00 0.000000000e+00 3.201412063e-01 0.000000000e+00
5.610000000e+00 0.000000000e+00 3.210944163e-01 0.000000000e+00
5.620000000e+00 0.000000000e+00 3.220466823e-01 0.000000000e+00
5.630000000e+00 0.000000000e+00 3.229979895e-01 0.000000000e+00
5.640000000e+00 0.000000000e+00 3.239483227e-01 0.000000000e+00
5.650000000e+00 0.000000000e+00 3.248976672e-01 0.000000000e+00
5.660000000e+00 0.000000000e+00 3.258460078e-01 0.000000000e+00
5.670000000e+00 0.000000000e+00 3.267933298e-01 0.000000000e+00
5.680000000e+00 0.000000000e+00 3.277396183e-01 0.000000000e+00
5.690000000e+00 0.000000000e+00 3.286848584e-01 0.000000000e+00
5.700000000e+00 0.000000000e+00 3.296290353e-01 0.000000000e+00
5.710000000e+00 0.000000000e+00 3.305721341e-01 0.000000000e+00
5.720000000e+00 0.000000000e+00 3.315141402e-01 0.000000000e+00
5.730000000e+00 0.000000000e+00 3.324550388e-01 0.000000000e+00
5.740000000e+00 0.000000000e+00 3.333948152e-01 0.000000000e+00
5.750000000e+00 0.000000000e+00 3.343334546e-01 0.000000000e+00
5.760000000e+00 0.000000000e+00 3.352709424e-01 0.000000000e+00
5.770000000e+00 0.000000000e+00 3.362072640e-01 0.000000000e+00
5.780000000e+00 0.000000000e+00 3.371424048e-01 0.000000000e+00
5.790000000e+00 0.000000000e+00 3.380763502e-01 0.000000000e+00
5.800000000e+00 0.000000000e+00 3.390090856e-01 0.000000000e+00
5.810000000e+00 0.000000000e+00 3.399405966e-01 0.000000000e+00
5.820000000e+00 0.000000000e+00 3.408708686e-01 0.000000000e+00
5.830000000e+00 0.000000000e+00 3.417998872e-01 0.000000000e+00
5.840000000e+00 0.000000000e+00 3.427276380e-01 0.000000000e+00
5.850000000e+00 0.000000000e+00 3.436541066e-01 0.000000000e+00
5.860000000e+00 0.000000000e+00 3.445792786e-01 0.000000000e+00
5.870000000e+00 0.000000000e+00 3.455031396e-01 0.000000000e+00
5.880000000e+00 0.000000000e+00 3.464256754e-01 0.000000000e+00
5.890000000e+00 0.000000000e+00 3.473468718e-01 0.000000000e+00
5.900000000e+00 0.000000000e+00 3.482667144e-01 0.000000000e+00
5.910000000e+00 0.000000000e+00 3.491851892e-01 0.000000000e+00
5.920000000e+00 0.000000000e+00 3.501022818e-01 0.000000000e+00
5.930000000e+00 0.000000000e+00 3.510179783e-01 0.000000000e+00
5.940000000e+00 0.000000000e+00 3.519322644e-01 0.000000000e+00
5.950000000e+00 0.000000000e+00 3.528451262e-01 0.000000000e+00
5.960000000e+00 0.000000000e+00 3.537565497e-01 0.000000000e+00
5.970000000e+00 0.000000000e+00 3.546665207e-01 0.000000000e+00
5.980000000e+00 0.000000000e+00 3.555750254e-01 0.000000000e+00
5.990000000e+00 0.000000000e+00 3.564820499e-01 0.000000000e+00
6.000000000e+00 0.000000000e+00 3.573875803e-01 0.000000000e+00
6.010000000e+00 0.000000000e+00 3.582916027e-01 0.000000000e+00
6.020000000e+00 0.000000000e+00 3.591941033e-01 0.000000000e+00
6.030000000e+00 0.000000000e+00 3.600950684e-01 0.000000000e+00
6.040000000e+00 0.000000000e+00 3.609944843e-01 0.000000000e+00
6.050000000e+00 0.000000000e+00 3.618923371e-01 0.000000000e+00
6.060000000e+00 0.000000000e+00 3.627886134e-01 0.000000000e+00
6.070000000e+00 0.000000000e+00 3.636832995e-01 0.000000000e+00
6.080000000e+00 0.000000000e+00 3.645763819e-01 0.000000000e+00
6.090000000e+00 0.000000000e+00 3.654678469e-01 0.000000000e+00
6.100000000e+00 0.000000000e+00 3.663576811e-01 0.000000000e+00
6.110000000e+00 0.000000000e+00 3.672458710e-01 0.000000000e+00
6.120000000e+00 0.000000000e+00 3.681324034e-01 0.000000000e+00
6.130000000e+00 0.000000000e+00 3.690172647e-01 0.000000000e+00
6.140000000e+00 0.000000000e+00 3.699004416e-01 0.000000000e+00
6.150000000e+00 0.000000000e+00 3.707819210e-01 0.000000000e+00
6.160000000e+00 0.000000000e+00 3.716616895e-01 0.000000000e+00
6.170000000e+00 0.000000000e+00 3.725397340e-01 0.000000000e+00
6.180000000e+00 0.000000000e+00 3.734160412e-01 0.000000000e+00
6.190000000e+00 0.000000000e+00 3.742905982e-01 0.000000000e+00
6.200000000e+00 0.000000000e+00 3.751633918e-01 0.000000000e+00
6.210000000e+00 0.000000000e+00 3.760344090e-01 0.000000000e+00
6.220000000e+00 0.000000000e+00 3.769036369e-01 0.000000000e+00
6.230000000e+00 0.000000000e+00 3.777710624e-01 0.000000000e+00
6.240000000e+00 0.000000000e+00 3.786366729e-01 0.000000000e+00
6.250000000e+00 0.000000000e+00 3.795004553e-01 0.000000000e+00
6.260000000e+00 0.000000000e+00 3.803623970e-01 0.000000000e+00
6.270000000e+00 0.000000000e+00 3.812224852e-01 0.000000000e+00
6.280000000e+00 0.000000000e+00 3.820807071e-01 0.000000000e+00
6.290000000e+00 0.000000000e+00 3.829370503e-01 0.000000000e+00
6.300000000e+00 0.000000000e+00 3.837915019e-01 0.000000000e+00
6.310000000e+00 0.000000000e+00 3.846440496e-01 0.000000000e+00
6.320000000e+00 0.000000000e+00 3.854946808e-01 0.000000000e+00
6.330000000e+00 0.000000000e+00 3.863433831e-01 0.000000000e+00
6.340000000e+00 0.000000000e+00 3.871901440e-01 0.000000000e+00
6.350000000e+00 0.000000000e+00 3.880349512e-01 0.000000000e+00
6.360000000e+00 0.000000000e+00 3.888777925e-01 0.000000000e+00
6.370000000e+00 0.000000000e+00 3.897186555e-01 0.000000000e+00
6.380000000e+00 0.000000000e+00 3.905575282e-01 0.000000000e+00
6.390000000e+00 0.000000000e+00 3.913943982e-01 0.000000000e+00
6.400000000e+00 0.000000000e+00 3.922292536e-01 0.000000000e+00
6.410000000e+00 0.000000000e+00 3.930620823e-01 0.000000000e+00
6.420000000e+00 0.000000000e+00 3.938928723e-01 0.000000000e+00
6.430000000e+00 0.000000000e+00 3.947216116e-01 0.000000000e+00
6.440000000e+00 0.000000000e+00 3.955482885e-01 0.000000000e+00
6.450000000e+00 0.000000000e+00 3.963728911e-01 0.000000000e+00
6.460000000e+00 0.000000000e+00 3.971954075e-01 0.000000000e+00
6.470000000e+00 0.000000000e+00 3.980158261e-01 0.000000000e+00
6.480000000e+00 0.000000000e+00 3.988341353e-01 0.000000000e+00
6.490000000e+00 0.000000000e+00 3.996503234e-01 0.000000000e+00
6.500000000e+00 0.000000000e+00 4.004643788e-01 0.000000000e+00
6.510000000e+00 0.000000000e+00 4.012762901e-01 0.000000000e+00
6.520000000e+00 0.000000000e+00 4.020860458e-01 0.000000000e+00
6.530000000e+00 0.000000000e+00 4.028936346e-01 0.000000000e+00
6.540000000e+00 0.000000000e+00 4.036990451e-01 0.000000000e+00
6.550000000e+00 0.000000000e+00 4.045022660e-01 0.000000000e+00
6.560000000e+00 0.000000000e+00 4.053032862e-01 0.000000000e+00
6.570000000e+00 0.000000000e+00 4.061020945e-01 0.000000000e+00
6.580000000e+00 0.000000000e+00 4.068986799e-01 0.000000000e+00
6.590000000e+00 0.000000000e+00 4.076930311e-01 0.000000000e+00
6.600000000e+00 0.000000000e+00 4.084851374e-01 0.000000000e+00
6.610000000e+00 0.000000000e+00 4.092749878e-01 0.000000000e+00
6.620000000e+00 0.000000000e+00 4.100625714e-01 0.000000000e+00
6.630000000e+00 0.000000000e+00 4.108478775e-01 0.000000000e+00
6.640000000e+00 0.000000000e+00 4.116308952e-01 0.000000000e+00
6.650000000e+00 0.000000000e+00 4.124116141e-01 0.000000000e+00
6.660000000e+00 0.000000000e+00 4.131900233e-01 0.000000000e+00
6.670000000e+00 0.000000000e+00 4.139661125e-01 0.000000000e+00
6.680000000e+00 0.000000000e+00 4.147398711e-01 0.000000000e+00
6.690000000e+00 0.000000000e+00 4.155112886e-01 0.000000000e+00
6.700000000e+00 0.000000000e+00 4.162803548e-01 0.000000000e+00
6.710000000e+00 0.000000000e+00 4.170470594e-01 0.000000000e+00
6.720000000e+00 0.000000000e+00 4.178113920e-01 0.000000000e+00
6.730000000e+00 0.000000000e+00 4.185733427e-01 0.000000000e+00
6.740000000e+00 0.000000000e+00 4.193329011e-01 0.000000000e+00
6.750000000e+00 0.000000000e+00 4.200900574e-01 0.000000000e+00
6.760000000e+00 0.000000000e+00 4.208448015e-01 0.000000000e+00
6.770000000e+00 0.000000000e+00 4.215971236e-01 0.000000000e+00
6.780000000e+00 0.000000000e+00 4.223470138e-01 0.000000000e+00
6.790000000e+00 0.000000000e+00 4.230944624e-01 0.000000000e+00
6.800000000e+00 0.000000000e+00 4.238394596e-01 0.000000000e+00
6.810000000e+00 0.000000000e+00 4.245819958e-01 0.000000000e+00
6.820000000e+00 0.000000000e+00 4.253220614e-01 0.000000000e+00
6.830000000e+00 0.000000000e+00 4.260596470e-01 0.000000000e+00
6.840000000e+00 0.000000000e+00 4.267947431e-01 0.000000000e+00
6.850000000e+00 0.000000000e+00 4.275273403e-01 0.000000000e+00
6.860000000e+00 0.000000000e+00 4.282574294e-01 0.000000000e+00
6.870000000e+00 0.000000000e+00 4.289850011e-01 0.000000000e+00
6.880000000e+00 0.000000000e+00 4.297100464e-01 0.000000000e+00
6.890000000e+00 0.000000000e+00 4.304325560e-01 0.000000000e+00
6.900000000e+00 0.000000000e+00 4.311525210e-01 0.000000000e+00
6.910000000e+00 0.000000000e+00 4.318699325e-01 0.000000000e+00
6.920000000e+00 0.000000000e+00 4.325847816e-01 0.000000000e+00
6.930000000e+00 0.000000000e+00 4.332970595e-01 0.000000000e+00
6.940000000e+00 0.000000000e+00 4.340067574e-01 0.000000000e+00
6.950000000e+00 0.000000000e+00 4.347138668e-01 0.000000000e+00
6.960000000e+00 0.000000000e+00 4.354183790e-01 0.000000000e+00
6.970000000e+00 0.000000000e+00 4.361202855e-01 0.000000000e+00
6.980000000e+00 0.000000000e+00 4.368195780e-01 0.000000000e+00
6.990000000e+00 0.000000000e+00 4.375162480e-01 0.000000000e+00
7.000000000e+00 0.000000000e+00 4.382102873e-01 0.000000000e+00
7.010000000e+00 0.000000000e+00 4.389016876e-01 0.000000000e+00
7.020000000e+00 0.000000000e+00 4.395904409e-01 0.000000000e+00
7.030000000e+00 0.000000000e+00 4.402765391e-01 0.000000000e+00
7.040000000e+00 0.000000000e+00 4.409599742e-01 0.000000000e+00
7.050000000e+00 0.000000000e+00 4.416407383e-01 0.000000000e+00
7.060000000e+00 0.000000000e+00 4.423188235e-01 0.000000000e+00
7.070000000e+00 0.000000000e+00 4.429942222e-01 0.000000000e+00
7.080000000e+00 0.000000000e+00 4.436669267e-01 0.000000000e+00
7.090000000e+00 0.000000000e+00 4.443369293e-01 0.000000000e+00
7.100000000e+00 0.000000000e+00 4.450042226e-01 0.000000000e+00
7.110000000e+00 0.000000000e+00 4.456687991e-01 0.000000000e+00
7.120000000e+00 0.000000000e+00 4.463306514e-01 0.000000000e+00
7.130000000e+00 0.000000000e+00 4.469897724e-01 0.000000000e+00
7.140000000e+00 0.000000000e+00 4.476461547e-01 0.000000000e+00
7.150000000e+00 0.000000000e+00 4.482997913e-01 0.000000000e+00
7.160000000e+00 0.000000000e+00 4.489506752e-01 0.000000000e+00
7.170000000e+00 0.000000000e+00 4.495987993e-01 0.000000000e+00
7.180000000e+00 0.000000000e+00 4.502441569e-01 0.000000000e+00
7.190000000e+00 0.000000000e+00 4.508867411e-01 0.000000000e+00
7.200000000e+00 0.000000000e+00 4.515265452e-01 0.000000000e+00
7.210000000e+00 0.000000000e+00 4.521635626e-01 0.000000000e+00
7.220000000e+00 0.000000000e+00 4.527977867e-01 0.000000000e+00
7.230000000e+00 0.000000000e+00 4.534292111e-01 0.000000000e+00
7.240000000e+00 0.000000000e+00 4.540578294e-01 0.000000000e+00
7.250000000e+00 0.000000000e+00 4.546836354e-01 0.000000000e+00
7.260000000e+00 0.000000000e+00 4.553066227e-01 0.000000000e+00
7.270000000e+00 0.000000000e+00 4.559267854e-01 0.000000000e+00
7.280000000e+00 0.000000000e+00 4.565441172e-01 0.000000000e+00
7.290000000e+00 0.000000000e+00 4.571586124e-01 0.000000000e+00
7.300000000e+00 0.000000000e+00 4.577702651e-01 0.000000000e+00
7.310000000e+00 0.000000000e+00 4.583790693e-01 0.000000000e+00
7.320000000e+00 0.000000000e+00 4.589850195e-01 0.000000000e+00
7.330000000e+00 0.000000000e+00 4.595881101e-01 0.000000000e+00
7.340000000e+00 0.000000000e+00 4.601883355e-01 0.000000000e+00
7.350000000e+00 0.000000000e+00 4.607856903e-01 0.000000000e+00
7.360000000e+00 0.000000000e+00 4.613801692e-01 0.000000000e+00
7.370000000e+00 0.000000000e+00 4.619717669e-01 0.000000000e+00
7.380000000e+00 0.000000000e+00 4.625604782e-01 0.000000000e+00
7.390000000e+00 0.000000000e+00 4.631462981e-01 0.000000000e+00
7.400000000e+00 0.000000000e+00 4.637292216e-01 0.000000000e+00
7.410000000e+00 0.000000000e+00 4.643092437e-01 0.000000000e+00
7.420000000e+00 0.000000000e+00 4.648863597e-01 0.000000000e+00
7.430000000e+00 0.000000000e+00 4.654605649e-01 0.000000000e+00
7.440000000e+00 0.000000000e+00 4.660318547e-01 0.000000000e+00
7.450000000e+00 0.000000000e+00 4.666002244e-01 0.000000000e+00
7.460000000e+00 0.000000000e+00 4.671656697e-01 0.000000000e+00
7.470000000e+00 0.000000000e+00 4.677281862e-01 0.000000000e+00
7.480000000e+00 0.000000000e+00 4.682877697e-01 0.000000000e+00
7.490000000e+00 0.000000000e+00 4.688444160e-01 0.000000000e+00
7.500000000e+00 0.000000000e+00 4.693981211e-01 0.000000000e+00
7.510000000e+00 0.000000000e+00 4.699488809e-01 0.000000000e+00
7.520000000e+00 0.000000000e+00 4.704966916e-01 0.000000000e+00
7.530000000e+00 0.000000000e+00 4.710415494e-01 0.000000000e+00
7.540000000e+00 0.000000000e+00 4.715834506e-01 0.000000000e+00
7.550000000e+00 0.000000000e+00 4.721223916e-01 0.000000000e+00
7.560000000e+00 0.000000000e+00 4.726583690e-01 0.000000000e+00
7.570000000e+00 0.000000000e+00 4.731913792e-01 0.000000000e+00
7.580000000e+00 0.000000000e+00 4.737214191e-01 0.000000000e+00
7.590000000e+00 0.000000000e+00 4.742484853e-01 0.000000000e+00
7.600000000e+00 0.000000000e+00 4.747725749e-01 0.000000000e+00
7.610000000e+00 0.000000000e+00 4.752936847e-01 0.000000000e+00
7.620000000e+00 0.000000000e+00 4.758118118e-01 0.000000000e+00
7.630000000e+00 0.000000000e+00 4.763269535e-01 0.000000000e+00
7.640000000e+00 0.000000000e+00 4.768391070e-01 0.000000000e+00
7.650000000e+00 0.000000000e+00 4.773482698e-01 0.000000000e+00
7.660000000e+00 0.000000000e+00 4.778544391e-01 0.000000000e+00
7.670000000e+00 0.000000000e+00 4.783576128e-01 0.000000000e+00
7.680000000e+00 0.000000000e+00 4.788577884e-01 0.000000000e+00
7.690000000e+00 0.000000000e+00 4.793549636e-01 0.000000000e+00
7.700000000e+00 0.000000000e+00 4.798491365e-01 0.000000000e+00
7.710000000e+00 0.000000000e+00 4.803403050e-01 0.000000000e+00
7.720000000e+00 0.000000000e+00 4.808284671e-01 0.000000000e+00
7.730000000e+00 0.000000000e+00 4.813136211e-01 0.000000000e+00
7.740000000e+00 0.000000000e+00 4.817957652e-01 0.000000000e+00
7.750000000e+00 0.000000000e+00 4.822748978e-01 0.000000000e+00
7.760000000e+00 0.000000000e+00 4.827510175e-01 0.000000000e+00
7.770000000e+00 0.000000000e+00 4.832241228e-01 0.000000000e+00
7.780000000e+00 0.000000000e+00 4.836942124e-01 0.000000000e+00
7.790000000e+00 0.000000000e+00 4.841612852e-01 0.000000000e+00
7.800000000e+00 0.000000000e+00 4.846253399e-01 0.000000000e+00
7.810000000e+00 0.000000000e+00 4.850863758e-01 0.000000000e+00
7.820000000e+00 0.000000000e+00 4.855443919e-01 0.000000000e+00
7.830000000e+00 0.000000000e+00 4.859993873e-01 0.000000000e+00
7.840000000e+00 0.000000000e+00 4.864513615e-01 0.000000000e+00
7.850000000e+00 0.000000000e+00 4.869003139e-01 0.000000000e+00
7.860000000e+00 0.000000000e+00 4.873462441e-01 0.000000000e+00
7.870000000e+00 0.000000000e+00 4.877891516e-01 0.000000000e+00
7.880000000e+00 0.000000000e+00 4.882290363e-01 0.000000000e+00
7.890000000e+00 0.000000000e+00 4.886658981e-01 0.000000000e+00
7.900000000e+00 0.000000000e+00 4.890997368e-01 0.000000000e+00
7.910000000e+00 0.000000000e+00 4.895305527e-01 0.000000000e+00
7.920000000e+00 0.000000000e+00 4.899583459e-01 0.000000000e+00
7.930000000e+00 0.000000000e+00 4.903831167e-01 0.000000000e+00
7.940000000e+00 0.000000000e+00 4.908048655e-01 0.000000000e+00
7.950000000e+00 0.000000000e+00 4.912235929e-01 0.000000000e+00
7.960000000e+00 0.000000000e+00 4.916392994e-01 0.000000000e+00
7.970000000e+00 0.000000000e+00 4.920519860e-01 0.000000000e+00
7.980000000e+00 0.000000000e+00 4.924616533e-01 0.000000000e+00
7.990000000e+00 0.000000000e+00 4.928683025e-01 0.000000000e+00
8.000000000e+00 0.000000000e+00 4.932719345e-01 0.000000000e+00
8.010000000e+00 0.000000000e+00 4.936725506e-01 0.000000000e+00
8.020000000e+00 0.000000000e+00 4.940701521e-01 0.000000000e+00
8.030000000e+00 0.000000000e+00 4.944647405e-01 0.000000000e+00
8.040000000e+00 0.000000000e+00 4.948563171e-01 0.000000000e+00
8.050000000e+00 0.000000000e+00 4.952448838e-01 0.000000000e+00
8.060000000e+00 0.000000000e+00 4.956304423e-01 0.000000000e+00
8.070000000e+00 0.000000000e+00 4.960129945e-01 0.000000000e+00
8.080000000e+00 0.000000000e+00 4.963925423e-01 0.000000000e+00
8.090000000e+00 0.000000000e+00 4.967690879e-01 0.000000000e+00
8.100000000e+00 0.000000000e+00 4.971426335e-01 0.000000000e+00
8.110000000e+00 0.000000000e+00 4.975131815e-01 0.000000000e+00
8.120000000e+00 0.000000000e+00 4.978807344e-01 0.000000000e+00
8.130000000e+00 0.000000000e+00 4.982452946e-01 0.000000000e+00
8.140000000e+00 0.000000000e+00 4.986068649e-01 0.000000000e+00
8.150000000e+00 0.000000000e+00 4.989654482e-01 0.000000000e+00
8.160000000e+00 0.000000000e+00 4.993210474e-01 0.000000000e+00
8.170000000e+00 0.000000000e+00 4.996736654e-01 0.000000000e+00
8.180000000e+00 0.000000000e+00 5.000233056e-01 0.000000000e+00
8.190000000e+00 0.000000000e+00 5.003699711e-01 0.000000000e+00
8.200000000e+00 0.000000000e+00 5.007136655e-01 0.000000000e+00
8.210000000e+00 0.000000000e+00 5.010543922e-01 0.000000000e+00
8.220000000e+00 0.000000000e+00 5.013921548e-01 0.000000000e+00
8.230000000e+00 0.000000000e+00 5.017269573e-01 0.000000000e+00
8.240000000e+00 0.000000000e+00 5.020588034e-01 0.000000000e+00
8.250000000e+00 0.000000000e+00 5.023876972e-01 0.000000000e+00
8.260000000e+00 0.000000000e+00 5.027136428e-01 0.000000000e+00
8.270000000e+00 0.000000000e+00 5.030366445e-01 0.000000000e+00
8.280000000e+00 0.000000000e+00 5.033567066e-01 0.000000000e+00
8.290000000e+00 0.000000000e+00 5.036738338e-01 0.000000000e+00
8.300000000e+00 0.000000000e+00 5.039880305e-01 0.000000000e+00
8.310000000e+00 0.000000000e+00 5.042993016e-01 0.000000000e+00
8.320000000e+00 0.000000000e+00 5.046076520e-01 0.000000000e+00
8.330000000e+00 0.000000000e+00 5.049130867e-01 0.000000000e+00
8.340000000e+00 0.000000000e+00 5.052156107e-01 0.000000000e+00
8.350000000e+00 0.000000000e+00 5.055152294e-01 0.000000000e+00
8.360000000e+00 0.000000000e+00 5.058119481e-01 0.000000000e+00
8.370000000e+00 0.000000000e+00 5.061057723e-01 0.000000000e+00
8.380000000e+00 0.000000000e+00 5.063967077e-01 0.000000000e+00
8.390000000e+00 0.000000000e+00 5.066847601e-01 0.000000000e+00
8.400000000e+00 0.000000000e+00 5.069699353e-01 0.000000000e+00
8.410000000e+00 0.000000000e+00 5.072522393e-01 0.000000000e+00
8.420000000e+00 0.000000000e+00 5.075316783e-01 0.000000000e+00
8.430000000e+00 0.000000000e+00 5.078082586e-01 0.000000000e+00
8.440000000e+00 0.000000000e+00 5.080819866e-01 0.000000000e+00
8.450000000e+00 0.000000000e+00 5.083528688e-01 0.000000000e+00
8.460000000e+00 0.000000000e+00 5.086209118e-01 0.000000000e+00
8.470000000e+00 0.000000000e+00 5.088861225e-01 0.000000000e+00
8.480000000e+00 0.000000000e+00 5.091485078e-01 0.000000000e+00
8.490000000e+00 0.000000000e+00 5.094080747e-01 0.000000000e+00
8.500000000e+00 0.000000000e+00 5.096648304e-01 0.000000000e+00
8.510000000e+00 0.000000000e+00 5.099187823e-01 0.000000000e+00
8.520000000e+00 0.000000000e+00 5.101699378e-01 0.000000000e+00
8.530000000e+00 0.000000000e+00 5.104183044e-01 0.000000000e+00
8.540000000e+00 0.000000000e+00 5.106638899e-01 0.000000000e+00
8.550000000e+00 0.000000000e+00 5.109067022e-01 0.000000000e+00
8.560000000e+00 0.000000000e+00 5.111467491e-01 0.000000000e+00
8.570000000e+00 0.000000000e+00 5.113840389e-01 0.000000000e+00
8.580000000e+00 0.000000000e+00 5.116185798e-01 0.000000000e+00
8.590000000e+00 0.000000000e+00 5.118503801e-01 0.000000000e+00
8.600000000e+00 0.000000000e+00 5.120794484e-01 0.000000000e+00
8.610000000e+00 0.000000000e+00 5.123057933e-01 0.000000000e+00
8.620000000e+00 0.000000000e+00 5.125294236e-01 0.000000000e+00
8.630000000e+00 0.000000000e+00 5.127503483e-01 0.000000000e+00
8.640000000e+00 0.000000000e+00 5.129685764e-01 0.000000000e+00
8.650000000e+00 0.000000000e+00 5.131841171e-01 0.000000000e+00
8.660000000e+00 0.000000000e+00 5.133969797e-01 0.000000000e+00
8.670000000e+00 0.000000000e+00 5.136071737e-01 0.000000000e+00
8.680000000e+00 0.000000000e+00 5.138147088e-01 0.000000000e+00
8.690000000e+00 0.000000000e+00 5.140195946e-01 0.000000000e+00
8.700000000e+00 0.000000000e+00 5.142218411e-01 0.000000000e+00
8.710000000e+00 0.000000000e+00 5.144214582e-01 0.000000000e+00
8.720000000e+00 0.000000000e+00 5.146184562e-01 0.000000000e+00
8.730000000e+00 0.000000000e+00 5.148128454e-01 0.000000000e+00
8.740000000e+00 0.000000000e+00 5.150046362e-01 0.000000000e+00
8.750000000e+00 0.000000000e+00 5.151938392e-01 0.000000000e+00
8.760000000e+00 0.000000000e+00 5.153804651e-01 0.000000000e+00
8.770000000e+00 0.000000000e+00 5.155645248e-01 0.000000000e+00
8.780000000e+00 0.000000000e+00 5.157460293e-01 0.000000000e+00
8.790000000e+00 0.000000000e+00 5.159249898e-01 0.000000000e+00
8.800000000e+00 0.000000000e+00 5.161014175e-01 0.000000000e+00
8.810000000e+00 0.000000000e+00 5.162753239e-01 0.000000000e+00
8.820000000e+00 0.000000000e+00 5.164467206e-01 0.000000000e+00
8.830000000e+00 0.000000000e+00 5.166156193e-01 0.000000000e+00
8.840000000e+00 0.000000000e+00 5.167820319e-01 0.000000000e+00
8.850000000e+00 0.000000000e+00 5.169459704e-01 0.000000000e+00
8.860000000e+00 0.000000000e+00 5.171074469e-01 0.000000000e+00
8.870000000e+00 0.000000000e+00 5.172664737e-01 0.000000000e+00
8.880000000e+00 0.000000000e+00 5.174230634e-01 0.000000000e+00
8.890000000e+00 0.000000000e+00 5.175772285e-01 0.000000000e+00
8.900000000e+00 0.000000000e+00 5.177289817e-01 0.000000000e+00
8.910000000e+00 0.000000000e+00 5.178783359e-01 0.000000000e+00
8.920000000e+00 0.000000000e+00 5.180253042e-01 0.000000000e+00
8.930000000e+00 0.000000000e+00 5.181698998e-01 0.000000000e+00
8.940000000e+00 0.000000000e+00 5.183121359e-01 0.000000000e+00
8.950000000e+00 0.000000000e+00 5.184520261e-01 0.000000000e+00
8.960000000e+00 0.000000000e+00 5.185895840e-01 0.000000000e+00
8.970000000e+00 0.000000000e+00 5.187248233e-01 0.000000000e+00
8.980000000e+00 0.000000000e+00 5.188577580e-01 0.000000000e+00
8.990000000e+00 0.000000000e+00 5.189884022e-01 0.000000000e+00
9.000000000e+00 0.000000000e+00 5.191167701e-01 0.000000000e+00
9.010000000e+00 0.000000000e+00 5.192428760e-01 0.000000000e+00
9.020000000e+00 0.000000000e+00 5.193667346e-01 0.000000000e+00
9.030000000e+00 0.000000000e+00 5.194883604e-01 0.000000000e+00
9.040000000e+00 0.000000000e+00 5.196077683e-01 0.000000000e+00
9.050000000e+00 0.000000000e+00 5.197249733e-01 0.000000000e+00
9.060000000e+00 0.000000000e+00 5.198399905e-01 0.000000000e+00
9.070000000e+00 0.000000000e+00 5.199528352e-01 0.000000000e+00
9.080000000e+00 0.000000000e+00 5.200635228e-01 0.000000000e+00
9.090000000e+00 0.000000000e+00 5.201720690e-01 0.000000000e+00
9.100000000e+00 0.000000000e+00 5.202784895e-01 0.000000000e+00
9.110000000e+00 0.000000000e+00 5.203828001e-01 0.000000000e+00
9.120000000e+00 0.000000000e+00 5.204850170e-01 0.000000000e+00
9.130000000e+00 0.000000000e+00 5.205851563e-01 0.000000000e+00
9.140000000e+00 0.000000000e+00 5.206832345e-01 0.000000000e+00
9.150000000e+00 0.000000000e+00 5.207792680e-01 0.000000000e+00
9.160000000e+00 0.000000000e+00 5.208732734e-01 0.000000000e+00
9.170000000e+00 0.000000000e+00 5.209652678e-01 0.000000000e+00
9.180000000e+00 0.000000000e+00 5.210552680e-01 0.000000000e+00
9.190000000e+00 0.000000000e+00 5.211432911e-01 0.000000000e+00
9.200000000e+00 0.000000000e+00 5.212293546e-01 0.000000000e+00
9.210000000e+00 0.000000000e+00 5.213134758e-01 0.000000000e+00
9.220000000e+00 0.000000000e+00 5.213956724e-01 0.000000000e+00
9.230000000e+00 0.000000000e+00 5.214759621e-01 0.000000000e+00
9.240000000e+00 0.000000000e+00 5.215543630e-01 0.000000000e+00
9.250000000e+00 0.000000000e+00 5.216308930e-01 0.000000000e+00
9.260000000e+00 0.000000000e+00 5.217055705e-01 0.000000000e+00
9.270000000e+00 0.000000000e+00 5.217784139e-01 0.000000000e+00
9.280000000e+00 0.000000000e+00 5.218494417e-01 0.000000000e+00
9.290000000e+00 0.000000000e+00 5.219186727e-01 0.000000000e+00
9.300000000e+00 0.000000000e+00 5.219861258e-01 0.000000000e+00
9.310000000e+00 0.000000000e+00 5.220518201e-01 0.000000000e+00
9.320000000e+00 0.000000000e+00 5.221157748e-01 0.000000000e+00
9.330000000e+00 0.000000000e+00 5.221780092e-01 0.000000000e+00
9.340000000e+00 0.000000000e+00 5.222385430e-01 0.000000000e+00
9.350000000e+00 0.000000000e+00 5.222973958e-01 0.000000000e+00
9.360000000e+00 0.000000000e+00 5.223545875e-01 0.000000000e+00
9.370000000e+00 0.000000000e+00 5.224101382e-01 0.000000000e+00
9.380000000e+00 0.000000000e+00 5.224640681e-01 0.000000000e+00
9.390000000e+00 0.000000000e+00 5.225163975e-01 0.000000000e+00
9.400000000e+00 0.000000000e+00 5.225671469e-01 0.000000000e+00
9.410000000e+00 0.000000000e+00 5.226163372e-01 0.000000000e+00
9.420000000e+00 0.000000000e+00 5.226639891e-01 0.000000000e+00
9.430000000e+00 0.000000000e+00 5.227101237e-01 0.000000000e+00
9.440000000e+00 0.000000000e+00 5.227547621e-01 0.000000000e+00
9.450000000e+00 0.000000000e+00 5.227979259e-01 0.000000000e+00
9.460000000e+00 0.000000000e+00 5.228396364e-01 0.000000000e+00
9.470000000e+00 0.000000000e+00 5.228799153e-01 0.000000000e+00
9.480000000e+00 0.000000000e+00 5.229187847e-01 0.000000000e+00
9.490000000e+00 0.000000000e+00 5.229562664e-01 0.000000000e+00
9.500000000e+00 0.000000000e+00 5.229923828e-01 0.000000000e+00
9.510000000e+00 0.000000000e+00 5.230271561e-01 0.000000000e+00
9.520000000e+00 0.000000000e+00 5.230606090e-01 0.000000000e+00
9.530000000e+00 0.000000000e+00 5.230927641e-01 0.000000000e+00
9.540000000e+00 0.000000000e+00 5.231236443e-01 0.000000000e+00
9.550000000e+00 0.000000000e+00 5.231532727e-01 0.000000000e+00
9.560000000e+00 0.000000000e+00 5.231816726e-01 0.000000000e+00
9.570000000e+00 0.000000000e+00 5.232088673e-01 0.000000000e+00
9.580000000e+00 0.000000000e+00 5.232348804e-01 0.000000000e+00
9.590000000e+00 0.000000000e+00 5.232597356e-01 0.000000000e+00
9.600000000e+00 0.000000000e+00 5.232834569e-01 0.000000000e+00
9.610000000e+00 0.000000000e+00 5.233060683e-01 0.000000000e+00
9.620000000e+00 0.000000000e+00 5.233275942e-01 0.000000000e+00
9.630000000e+00 0.000000000e+00 5.233480589e-01 0.000000000e+00
9.640000000e+00 0.000000000e+00 5.233674871e-01 0.000000000e+00
9.650000000e+00 0.000000000e+00 5.233859035e-01 0.000000000e+00
9.660000000e+00 0.000000000e+00 5.234033332e-01 0.000000000e+00
9.670000000e+00 0.000000000e+00 5.234198012e-01 0.000000000e+00
9.680000000e+00 0.000000000e+00 5.234353328e-01 0.000000000e+00
9.690000000e+00 0.000000000e+00 5.234499537e-01 0.000000000e+00
9.700000000e+00 0.000000000e+00 5.234636893e-01 0.000000000e+00
9.710000000e+00 0.000000000e+00 5.234765656e-01 0.000000000e+00
9.720000000e+00 0.000000000e+00 5.234886086e-01 0.000000000e+00
9.730000000e+00 0.000000000e+00 5.234998445e-01 0.000000000e+00
9.740000000e+00 0.000000000e+00 5.235102996e-01 0.000000000e+00
9.750000000e+00 0.000000000e+00 5.235200006e-01 0.000000000e+00
9.760000000e+00 0.000000000e+00 5.235289741e-01 0.000000000e+00
9.770000000e+00 0.000000000e+00 5.235372470e-01 0.000000000e+00
9.780000000e+00 0.000000000e+00 5.235448465e-01 0.000000000e+00
9.790000000e+00 0.000000000e+00 5.235517997e-01 0.000000000e+00
9.800000000e+00 0.000000000e+00 5.235581343e-01 0.000000000e+00
9.810000000e+00 0.000000000e+00 5.235638777e-01 0.000000000e+00
9.820000000e+00 0.000000000e+00 5.235690579e-01 0.000000000e+00
9.830000000e+00 0.000000000e+00 5.235737027e-01 0.000000000e+00
9.840000000e+00 0.000000000e+00 5.235778404e-01 0.000000000e+00
9.850000000e+00 0.000000000e+00 5.235814994e-01 0.000000000e+00
9.860000000e+00 0.000000000e+00 5.235847081e-01 0.000000000e+00
9.870000000e+00 0.000000000e+00 5.235874953e-01 0.000000000e+00
9.880000000e+00 0.000000000e+00 5.235898899e-01 0.000000000e+00
9.890000000e+00 0.000000000e+00 5.235919210e-01 0.000000000e+00
9.900000000e+00 0.000000000e+00 5.235936178e-01 0.000000000e+00
9.910000000e+00 0.000000000e+00 5.235950099e-01 0.000000000e+00
9.920000000e+00 0.000000000e+00 5.235961268e-01 0.000000000e+00
9.930000000e+00 0.000000000e+00 5.235969985e-01 0.000000000e+00
9.940000000e+00 0.000000000e+00 5.235976548e-01 0.000000000e+00
9.950000000e+00 0.000000000e+00 5.235981260e-01 0.000000000e+00
9.960000000e+00 0.000000000e+00 5.235984425e-01 0.000000000e+00
9.970000000e+00 0.000000000e+00 5.235986349e-01 0.000000000e+00
9.980000000e+00 0.000000000e+00 5.235987338e-01 0.000000000e+00
9.990000000e+00 0.000000000e+00 5.235987704e-01 0.000000000e+00
1.000000000e+01 0.000000000e+00 5.235987756e-01 0.000000000e+00
