0.000000000e+00 0.000000000e+00 0.000000000e+00 0.000000000e+00
1.000000000e-02 1.033975766e-25 0.000000000e+00 0.000000000e+00
2.000000000e-02 2.274746685e-24 0.000000000e+00 0.000000000e+00
3.000000000e-02 7.444625513e-24 0.000000000e+00 0.000000000e+00
4.000000000e-02 1.323488980e-23 0.000000000e+00 0.000000000e+00
5.000000000e-02 1.985233470e-23 0.000000000e+00 0.000000000e+00
6.000000000e-02 8.271806126e-24 0.000000000e+00 0.000000000e+00
7.000000000e-02 -2.316105715e-23  0.000000000e+00  0.000000000e+00
8.000000000e-02 -6.617444900e-24  0.000000000e+00  0.000000000e+00
9.000000000e-02 2.977850205e-23 0.000000000e+00 0.000000000e+00
1.000000000e-01 5.955700410e-23 0.000000000e+00 0.000000000e+00
1.100000000e-01 9.926167351e-23 0.000000000e+00 0.000000000e+00
1.200000000e-01 1.191140082e-22 0.000000000e+00 0.000000000e+00
1.300000000e-01 1.124965633e-22 0.000000000e+00 0.000000000e+00
1.400000000e-01 1.588186776e-22 0.000000000e+00 0.000000000e+00
1.500000000e-01 1.985233470e-22 0.000000000e+00 0.000000000e+00
1.600000000e-01 4.499862532e-22 0.000000000e+00 0.000000000e+00
1.700000000e-01 6.617444900e-22 0.000000000e+00 0.000000000e+00
1.800000000e-01 8.735027269e-22 0.000000000e+00 0.000000000e+00
1.900000000e-01 1.019086515e-21 0.000000000e+00 0.000000000e+00
2.000000000e-01 1.138200523e-21 0.000000000e+00 0.000000000e+00
2.100000000e-01 1.217609862e-21 0.000000000e+00 0.000000000e+00
2.200000000e-01 1.217609862e-21 0.000000000e+00 0.000000000e+00
2.300000000e-01 1.244079641e-21 0.000000000e+00 0.000000000e+00
2.400000000e-01 1.297019200e-21 0.000000000e+00 0.000000000e+00
2.500000000e-01 1.455837878e-21 0.000000000e+00 0.000000000e+00
2.600000000e-01 1.614656556e-21 0.000000000e+00 0.000000000e+00
2.700000000e-01 1.667596115e-21 0.000000000e+00 0.000000000e+00
2.800000000e-01 1.641126335e-21 0.000000000e+00 0.000000000e+00
2.900000000e-01 2.276401046e-21 0.000000000e+00 0.000000000e+00
3.000000000e-01 2.488159283e-21 0.000000000e+00 0.000000000e+00
3.100000000e-01 2.699917519e-21 0.000000000e+00 0.000000000e+00
3.200000000e-01 2.488159283e-21 0.000000000e+00 0.000000000e+00
3.300000000e-01 2.276401046e-21 0.000000000e+00 0.000000000e+00
3.400000000e-01 1.799945013e-21 0.000000000e+00 0.000000000e+00
3.500000000e-01 1.535247217e-21 0.000000000e+00 0.000000000e+00
3.600000000e-01 1.270549421e-21 0.000000000e+00 0.000000000e+00
3.700000000e-01 7.940933881e-22 0.000000000e+00 0.000000000e+00
3.800000000e-01 6.882142696e-22 0.000000000e+00 0.000000000e+00
3.900000000e-01 3.176373552e-22 0.000000000e+00 0.000000000e+00
4.000000000e-01 -3.176373552e-22  0.000000000e+00  0.000000000e+00
4.100000000e-01 -6.352747104e-22  0.000000000e+00  0.000000000e+00
4.200000000e-01 -8.470329473e-22  0.000000000e+00  0.000000000e+00
4.300000000e-01 -1.164670302e-21  0.000000000e+00  0.000000000e+00
4.400000000e-01 -2.117582368e-21  0.000000000e+00  0.000000000e+00
4.500000000e-01 -2.964615315e-21  0.000000000e+00  0.000000000e+00
4.600000000e-01 -5.399835039e-21  0.000000000e+00  0.000000000e+00
4.700000000e-01 -7.411538288e-21  0.000000000e+00  0.000000000e+00
4.800000000e-01 -9.846758012e-21  0.000000000e+00  0.000000000e+00
4.900000000e-01 -1.302313156e-20  0.000000000e+00  0.000000000e+00
5.000000000e-01 -1.577598864e-20  0.000000000e+00  0.000000000e+00
5.100000000e-01 -1.842296660e-20  0.000000000e+00  0.000000000e+00
5.200000000e-01 -1.926999955e-20  0.000000000e+00  0.000000000e+00
5.300000000e-01 -1.937587867e-20  0.000000000e+00  0.000000000e+00
5.400000000e-01 -2.064642809e-20  0.000000000e+00  0.000000000e+00
5.500000000e-01 -2.276401046e-20  0.000000000e+00  0.000000000e+00
5.600000000e-01 -2.445807635e-20  0.000000000e+00  0.000000000e+00
5.700000000e-01 -2.466983459e-20  0.000000000e+00  0.000000000e+00
5.800000000e-01 -2.414043900e-20  0.000000000e+00  0.000000000e+00
5.900000000e-01 -2.541098842e-20  0.000000000e+00  0.000000000e+00
6.000000000e-01 -2.816384550e-20  0.000000000e+00  0.000000000e+00
6.100000000e-01 -2.964615315e-20  0.000000000e+00  0.000000000e+00
6.200000000e-01 -3.282252671e-20  0.000000000e+00  0.000000000e+00
6.300000000e-01 -3.515186731e-20  0.000000000e+00  0.000000000e+00
6.400000000e-01 -3.536362555e-20  0.000000000e+00  0.000000000e+00
6.500000000e-01 -3.875175734e-20  0.000000000e+00  0.000000000e+00
6.600000000e-01 -3.875175734e-20  0.000000000e+00  0.000000000e+00
6.700000000e-01 -4.086933971e-20  0.000000000e+00  0.000000000e+00
6.800000000e-01 -3.853999910e-20  0.000000000e+00  0.000000000e+00
6.900000000e-01 -4.108109794e-20  0.000000000e+00  0.000000000e+00
7.000000000e-01 -4.044582323e-20  0.000000000e+00  0.000000000e+00
7.100000000e-01 -4.150461442e-20  0.000000000e+00  0.000000000e+00
7.200000000e-01 -4.065758147e-20  0.000000000e+00  0.000000000e+00
7.300000000e-01 -3.705769144e-20  0.000000000e+00  0.000000000e+00
7.400000000e-01 -3.663417497e-20  0.000000000e+00  0.000000000e+00
7.500000000e-01 -3.430483436e-20  0.000000000e+00  0.000000000e+00
7.600000000e-01 -3.261076847e-20  0.000000000e+00  0.000000000e+00
7.700000000e-01 -3.176373552e-20  0.000000000e+00  0.000000000e+00
7.800000000e-01 -2.943439492e-20  0.000000000e+00  0.000000000e+00
7.900000000e-01 -2.731681255e-20  0.000000000e+00  0.000000000e+00
8.000000000e-01 -2.435219723e-20  0.000000000e+00  0.000000000e+00
8.100000000e-01 -2.752857079e-20  0.000000000e+00  0.000000000e+00
8.200000000e-01 -2.646977960e-20  0.000000000e+00  0.000000000e+00
8.300000000e-01 -2.583450489e-20  0.000000000e+00  0.000000000e+00
8.400000000e-01 -2.202285663e-20  0.000000000e+00  0.000000000e+00
8.500000000e-01 -1.990527426e-20  0.000000000e+00  0.000000000e+00
8.600000000e-01 -2.371692252e-20  0.000000000e+00  0.000000000e+00
8.700000000e-01 -2.795208726e-20  0.000000000e+00  0.000000000e+00
8.800000000e-01 -3.006966963e-20  0.000000000e+00  0.000000000e+00
8.900000000e-01 -3.134021905e-20  0.000000000e+00  0.000000000e+00
9.000000000e-01 -2.752857079e-20  0.000000000e+00  0.000000000e+00
9.100000000e-01 -2.371692252e-20  0.000000000e+00  0.000000000e+00
9.200000000e-01 -2.329340605e-20  0.000000000e+00  0.000000000e+00
9.300000000e-01 -2.371692252e-20  0.000000000e+00  0.000000000e+00
9.400000000e-01 -2.202285663e-20  0.000000000e+00  0.000000000e+00
9.500000000e-01 -1.439956010e-20  0.000000000e+00  0.000000000e+00
9.600000000e-01 -8.046812999e-21  0.000000000e+00  0.000000000e+00
9.700000000e-01 -5.082197684e-21  0.000000000e+00  0.000000000e+00
9.800000000e-01 -3.388131789e-21  0.000000000e+00  0.000000000e+00
9.900000000e-01 -2.541098842e-21  0.000000000e+00  0.000000000e+00
1.000000000e+00 -5.505714157e-21  0.000000000e+00  0.000000000e+00
1.010000000e+00 4.235164736e-22 0.000000000e+00 0.000000000e+00
1.020000000e+00 2.117582368e-21 0.000000000e+00 0.000000000e+00
1.030000000e+00 7.199780052e-21 0.000000000e+00 0.000000000e+00
1.040000000e+00 6.776263578e-21 0.000000000e+00 0.000000000e+00
1.050000000e+00 6.776263578e-21 0.000000000e+00 0.000000000e+00
1.060000000e+00 1.143494479e-20 0.000000000e+00 0.000000000e+00
1.070000000e+00 1.651714247e-20 0.000000000e+00 0.000000000e+00
1.080000000e+00 2.329340605e-20 0.000000000e+00 0.000000000e+00
1.090000000e+00 2.583450489e-20 0.000000000e+00 0.000000000e+00
1.100000000e+00 2.668153784e-20 0.000000000e+00 0.000000000e+00
1.110000000e+00 2.922263668e-20 0.000000000e+00 0.000000000e+00
1.120000000e+00 3.303428494e-20 0.000000000e+00 0.000000000e+00
1.130000000e+00 3.430483436e-20 0.000000000e+00 0.000000000e+00
1.140000000e+00 3.938703205e-20 0.000000000e+00 0.000000000e+00
1.150000000e+00 4.870439447e-20 0.000000000e+00 0.000000000e+00
1.160000000e+00 4.912791094e-20 0.000000000e+00 0.000000000e+00
1.170000000e+00 4.446922973e-20 0.000000000e+00 0.000000000e+00
1.180000000e+00 4.828087799e-20 0.000000000e+00 0.000000000e+00
1.190000000e+00 5.590417452e-20 0.000000000e+00 0.000000000e+00
1.200000000e+00 5.590417452e-20 0.000000000e+00 0.000000000e+00
1.210000000e+00 5.505714157e-20 0.000000000e+00 0.000000000e+00
1.220000000e+00 5.166900978e-20 0.000000000e+00 0.000000000e+00
1.230000000e+00 5.505714157e-20 0.000000000e+00 0.000000000e+00
1.240000000e+00 5.929230631e-20 0.000000000e+00 0.000000000e+00
1.250000000e+00 6.352747104e-20 0.000000000e+00 0.000000000e+00
1.260000000e+00 6.606856989e-20 0.000000000e+00 0.000000000e+00
1.270000000e+00 7.369186641e-20 0.000000000e+00 0.000000000e+00
1.280000000e+00 7.453889936e-20 0.000000000e+00 0.000000000e+00
1.290000000e+00 7.707999820e-20 0.000000000e+00 0.000000000e+00
1.300000000e+00 7.792703115e-20 0.000000000e+00 0.000000000e+00
1.310000000e+00 8.470329473e-20 0.000000000e+00 0.000000000e+00
1.320000000e+00 8.978549241e-20 0.000000000e+00 0.000000000e+00
1.330000000e+00 9.656175599e-20 0.000000000e+00 0.000000000e+00
1.340000000e+00 9.910285483e-20 0.000000000e+00 0.000000000e+00
1.350000000e+00 1.033380196e-19 0.000000000e+00 0.000000000e+00
1.360000000e+00 1.075731843e-19 0.000000000e+00 0.000000000e+00
1.370000000e+00 1.101142831e-19 0.000000000e+00 0.000000000e+00
1.380000000e+00 1.101142831e-19 0.000000000e+00 0.000000000e+00
1.390000000e+00 1.101142831e-19 0.000000000e+00 0.000000000e+00
1.400000000e+00 1.101142831e-19 0.000000000e+00 0.000000000e+00
1.410000000e+00 1.151964808e-19 0.000000000e+00 0.000000000e+00
1.420000000e+00 1.211257115e-19 0.000000000e+00 0.000000000e+00
1.430000000e+00 1.245138432e-19 0.000000000e+00 0.000000000e+00
1.440000000e+00 1.338312057e-19 0.000000000e+00 0.000000000e+00
1.450000000e+00 1.423015351e-19 0.000000000e+00 0.000000000e+00
1.460000000e+00 1.516188976e-19 0.000000000e+00 0.000000000e+00
1.470000000e+00 1.516188976e-19 0.000000000e+00 0.000000000e+00
1.480000000e+00 1.507718646e-19 0.000000000e+00 0.000000000e+00
1.490000000e+00 1.507718646e-19 0.000000000e+00 0.000000000e+00
1.500000000e+00 1.558540623e-19 0.000000000e+00 0.000000000e+00
1.510000000e+00 1.533129635e-19 0.000000000e+00 0.000000000e+00
1.520000000e+00 1.533129635e-19 0.000000000e+00 0.000000000e+00
1.530000000e+00 1.567010952e-19 0.000000000e+00 0.000000000e+00
1.540000000e+00 1.583951611e-19 0.000000000e+00 0.000000000e+00
1.550000000e+00 1.600892270e-19 0.000000000e+00 0.000000000e+00
1.560000000e+00 1.600892270e-19 0.000000000e+00 0.000000000e+00
1.570000000e+00 1.736417542e-19 0.000000000e+00 0.000000000e+00
1.580000000e+00 1.736417542e-19 0.000000000e+00 0.000000000e+00
1.590000000e+00 1.719476883e-19 0.000000000e+00 0.000000000e+00
1.600000000e+00 1.770298860e-19 0.000000000e+00 0.000000000e+00
1.610000000e+00 1.804180178e-19 0.000000000e+00 0.000000000e+00
1.620000000e+00 1.727947212e-19 0.000000000e+00 0.000000000e+00
1.630000000e+00 1.567010952e-19 0.000000000e+00 0.000000000e+00
1.640000000e+00 1.583951611e-19 0.000000000e+00 0.000000000e+00
1.650000000e+00 1.558540623e-19 0.000000000e+00 0.000000000e+00
1.660000000e+00 1.592421941e-19 0.000000000e+00 0.000000000e+00
1.670000000e+00 1.719476883e-19 0.000000000e+00 0.000000000e+00
1.680000000e+00 1.727947212e-19 0.000000000e+00 0.000000000e+00
1.690000000e+00 1.770298860e-19 0.000000000e+00 0.000000000e+00
1.700000000e+00 1.787239519e-19 0.000000000e+00 0.000000000e+00
1.710000000e+00 1.855002154e-19 0.000000000e+00 0.000000000e+00
1.720000000e+00 1.846531825e-19 0.000000000e+00 0.000000000e+00
1.730000000e+00 1.905824131e-19 0.000000000e+00 0.000000000e+00
1.740000000e+00 1.770298860e-19 0.000000000e+00 0.000000000e+00
1.750000000e+00 1.770298860e-19 0.000000000e+00 0.000000000e+00
1.760000000e+00 1.888883472e-19 0.000000000e+00 0.000000000e+00
1.770000000e+00 1.846531825e-19 0.000000000e+00 0.000000000e+00
1.780000000e+00 1.838061496e-19 0.000000000e+00 0.000000000e+00
1.790000000e+00 1.804180178e-19 0.000000000e+00 0.000000000e+00
1.800000000e+00 1.804180178e-19 0.000000000e+00 0.000000000e+00
1.810000000e+00 1.897353802e-19 0.000000000e+00 0.000000000e+00
1.820000000e+00 1.804180178e-19 0.000000000e+00 0.000000000e+00
1.830000000e+00 1.871942813e-19 0.000000000e+00 0.000000000e+00
1.840000000e+00 2.007468085e-19 0.000000000e+00 0.000000000e+00
1.850000000e+00 1.956646108e-19 0.000000000e+00 0.000000000e+00
1.860000000e+00 1.973586767e-19 0.000000000e+00 0.000000000e+00
1.870000000e+00 1.990527426e-19 0.000000000e+00 0.000000000e+00
1.880000000e+00 1.948175779e-19 0.000000000e+00 0.000000000e+00
1.890000000e+00 2.066760391e-19 0.000000000e+00 0.000000000e+00
1.900000000e+00 2.100641709e-19 0.000000000e+00 0.000000000e+00
1.910000000e+00 2.032879073e-19 0.000000000e+00 0.000000000e+00
1.920000000e+00 1.982057097e-19 0.000000000e+00 0.000000000e+00
1.930000000e+00 1.880413143e-19 0.000000000e+00 0.000000000e+00
1.940000000e+00 1.829591166e-19 0.000000000e+00 0.000000000e+00
1.950000000e+00 1.795709848e-19 0.000000000e+00 0.000000000e+00
1.960000000e+00 1.948175779e-19 0.000000000e+00 0.000000000e+00
1.970000000e+00 1.846531825e-19 0.000000000e+00 0.000000000e+00
1.980000000e+00 1.982057097e-19 0.000000000e+00 0.000000000e+00
1.990000000e+00 1.931235120e-19 0.000000000e+00 0.000000000e+00
2.000000000e+00 1.931235120e-19 0.000000000e+00 0.000000000e+00
2.010000000e+00 1.846531825e-19 0.000000000e+00 0.000000000e+00
2.020000000e+00 1.897353802e-19 0.000000000e+00 0.000000000e+00
2.030000000e+00 2.066760391e-19 0.000000000e+00 0.000000000e+00
2.040000000e+00 2.032879073e-19 0.000000000e+00 0.000000000e+00
2.050000000e+00 1.931235120e-19 0.000000000e+00 0.000000000e+00
2.060000000e+00 2.032879073e-19 0.000000000e+00 0.000000000e+00
2.070000000e+00 2.117582368e-19 0.000000000e+00 0.000000000e+00
2.080000000e+00 2.371692252e-19 0.000000000e+00 0.000000000e+00
2.090000000e+00 2.574980160e-19 0.000000000e+00 0.000000000e+00
2.100000000e+00 2.829090044e-19 0.000000000e+00 0.000000000e+00
2.110000000e+00 3.015437292e-19 0.000000000e+00 0.000000000e+00
2.120000000e+00 2.964615315e-19 0.000000000e+00 0.000000000e+00
2.130000000e+00 2.930733997e-19 0.000000000e+00 0.000000000e+00
2.140000000e+00 2.879912021e-19 0.000000000e+00 0.000000000e+00
2.150000000e+00 2.778268067e-19 0.000000000e+00 0.000000000e+00
2.160000000e+00 2.761327408e-19 0.000000000e+00 0.000000000e+00
2.170000000e+00 2.710505431e-19 0.000000000e+00 0.000000000e+00
2.180000000e+00 2.625802136e-19 0.000000000e+00 0.000000000e+00
2.190000000e+00 2.625802136e-19 0.000000000e+00 0.000000000e+00
2.200000000e+00 2.676624113e-19 0.000000000e+00 0.000000000e+00
2.210000000e+00 2.659683454e-19 0.000000000e+00 0.000000000e+00
2.220000000e+00 2.727446090e-19 0.000000000e+00 0.000000000e+00
2.230000000e+00 2.896852680e-19 0.000000000e+00 0.000000000e+00
2.240000000e+00 2.981555974e-19 0.000000000e+00 0.000000000e+00
2.250000000e+00 2.879912021e-19 0.000000000e+00 0.000000000e+00
2.260000000e+00 2.846030703e-19 0.000000000e+00 0.000000000e+00
2.270000000e+00 3.100140587e-19 0.000000000e+00 0.000000000e+00
2.280000000e+00 3.269547176e-19 0.000000000e+00 0.000000000e+00
2.290000000e+00 3.218725200e-19 0.000000000e+00 0.000000000e+00
2.300000000e+00 3.066259269e-19 0.000000000e+00 0.000000000e+00
2.310000000e+00 3.218725200e-19 0.000000000e+00 0.000000000e+00
2.320000000e+00 3.523657061e-19 0.000000000e+00 0.000000000e+00
2.330000000e+00 3.659182332e-19 0.000000000e+00 0.000000000e+00
2.340000000e+00 3.676122991e-19 0.000000000e+00 0.000000000e+00
2.350000000e+00 3.760826286e-19 0.000000000e+00 0.000000000e+00
2.360000000e+00 3.642241673e-19 0.000000000e+00 0.000000000e+00
2.370000000e+00 3.676122991e-19 0.000000000e+00 0.000000000e+00
2.380000000e+00 3.591419696e-19 0.000000000e+00 0.000000000e+00
2.390000000e+00 3.659182332e-19 0.000000000e+00 0.000000000e+00
2.400000000e+00 3.659182332e-19 0.000000000e+00 0.000000000e+00
2.410000000e+00 3.405072448e-19 0.000000000e+00 0.000000000e+00
2.420000000e+00 3.201784541e-19 0.000000000e+00 0.000000000e+00
2.430000000e+00 3.032377951e-19 0.000000000e+00 0.000000000e+00
2.440000000e+00 2.846030703e-19 0.000000000e+00 0.000000000e+00
2.450000000e+00 2.642742795e-19 0.000000000e+00 0.000000000e+00
2.460000000e+00 2.405573570e-19 0.000000000e+00 0.000000000e+00
2.470000000e+00 2.320870275e-19 0.000000000e+00 0.000000000e+00
2.480000000e+00 2.405573570e-19 0.000000000e+00 0.000000000e+00
2.490000000e+00 2.371692252e-19 0.000000000e+00 0.000000000e+00
2.500000000e+00 2.727446090e-19 0.000000000e+00 0.000000000e+00
2.510000000e+00 2.930733997e-19 0.000000000e+00 0.000000000e+00
2.520000000e+00 2.930733997e-19 0.000000000e+00 0.000000000e+00
2.530000000e+00 2.829090044e-19 0.000000000e+00 0.000000000e+00
2.540000000e+00 2.710505431e-19 0.000000000e+00 0.000000000e+00
2.550000000e+00 2.591920819e-19 0.000000000e+00 0.000000000e+00
2.560000000e+00 2.456395547e-19 0.000000000e+00 0.000000000e+00
2.570000000e+00 2.490276865e-19 0.000000000e+00 0.000000000e+00
2.580000000e+00 2.473336206e-19 0.000000000e+00 0.000000000e+00
2.590000000e+00 2.541098842e-19 0.000000000e+00 0.000000000e+00
2.600000000e+00 2.625802136e-19 0.000000000e+00 0.000000000e+00
2.610000000e+00 2.676624113e-19 0.000000000e+00 0.000000000e+00
2.620000000e+00 2.727446090e-19 0.000000000e+00 0.000000000e+00
2.630000000e+00 2.930733997e-19 0.000000000e+00 0.000000000e+00
2.640000000e+00 2.896852680e-19 0.000000000e+00 0.000000000e+00
2.650000000e+00 2.846030703e-19 0.000000000e+00 0.000000000e+00
2.660000000e+00 2.744386749e-19 0.000000000e+00 0.000000000e+00
2.670000000e+00 2.405573570e-19 0.000000000e+00 0.000000000e+00
2.680000000e+00 2.354751593e-19 0.000000000e+00 0.000000000e+00
2.690000000e+00 2.574980160e-19 0.000000000e+00 0.000000000e+00
2.700000000e+00 2.795208726e-19 0.000000000e+00 0.000000000e+00
2.710000000e+00 2.829090044e-19 0.000000000e+00 0.000000000e+00
2.720000000e+00 2.710505431e-19 0.000000000e+00 0.000000000e+00
2.730000000e+00 2.812149385e-19 0.000000000e+00 0.000000000e+00
2.740000000e+00 2.693564772e-19 0.000000000e+00 0.000000000e+00
2.750000000e+00 2.608861478e-19 0.000000000e+00 0.000000000e+00
2.760000000e+00 2.778268067e-19 0.000000000e+00 0.000000000e+00
2.770000000e+00 2.744386749e-19 0.000000000e+00 0.000000000e+00
2.780000000e+00 2.981555974e-19 0.000000000e+00 0.000000000e+00
2.790000000e+00 3.066259269e-19 0.000000000e+00 0.000000000e+00
2.800000000e+00 3.303428494e-19 0.000000000e+00 0.000000000e+00
2.810000000e+00 3.489775743e-19 0.000000000e+00 0.000000000e+00
2.820000000e+00 3.608360355e-19 0.000000000e+00 0.000000000e+00
2.830000000e+00 3.777766945e-19 0.000000000e+00 0.000000000e+00
2.840000000e+00 4.150461442e-19 0.000000000e+00 0.000000000e+00
2.850000000e+00 4.302927372e-19 0.000000000e+00 0.000000000e+00
2.860000000e+00 4.438452644e-19 0.000000000e+00 0.000000000e+00
2.870000000e+00 4.675621869e-19 0.000000000e+00 0.000000000e+00
2.880000000e+00 4.946672412e-19 0.000000000e+00 0.000000000e+00
2.890000000e+00 5.048316366e-19 0.000000000e+00 0.000000000e+00
2.900000000e+00 5.217722955e-19 0.000000000e+00 0.000000000e+00
2.910000000e+00 5.387129545e-19 0.000000000e+00 0.000000000e+00
2.920000000e+00 5.353248227e-19 0.000000000e+00 0.000000000e+00
2.930000000e+00 5.471832839e-19 0.000000000e+00 0.000000000e+00
2.940000000e+00 5.675120747e-19 0.000000000e+00 0.000000000e+00
2.950000000e+00 6.132518538e-19 0.000000000e+00 0.000000000e+00
2.960000000e+00 6.115577879e-19 0.000000000e+00 0.000000000e+00
2.970000000e+00 5.878408654e-19 0.000000000e+00 0.000000000e+00
2.980000000e+00 5.471832839e-19 0.000000000e+00 0.000000000e+00
2.990000000e+00 5.725942723e-19 0.000000000e+00 0.000000000e+00
3.000000000e+00 5.725942723e-19 0.000000000e+00 0.000000000e+00
3.010000000e+00 5.658180088e-19 0.000000000e+00 0.000000000e+00
3.020000000e+00 5.522654816e-19 0.000000000e+00 0.000000000e+00
3.030000000e+00 5.658180088e-19 0.000000000e+00 0.000000000e+00
3.040000000e+00 5.929230631e-19 0.000000000e+00 0.000000000e+00
3.050000000e+00 6.284984469e-19 0.000000000e+00 0.000000000e+00
3.060000000e+00 6.335806445e-19 0.000000000e+00 0.000000000e+00
3.070000000e+00 6.505213035e-19 0.000000000e+00 0.000000000e+00
3.080000000e+00 6.742382260e-19 0.000000000e+00 0.000000000e+00
3.090000000e+00 6.589916330e-19 0.000000000e+00 0.000000000e+00
3.100000000e+00 6.589916330e-19 0.000000000e+00 0.000000000e+00
3.110000000e+00 6.674619624e-19 0.000000000e+00 0.000000000e+00
3.120000000e+00 6.793204237e-19 0.000000000e+00 0.000000000e+00
3.130000000e+00 6.844026214e-19 0.000000000e+00 0.000000000e+00
3.140000000e+00 7.047314121e-19 0.000000000e+00 0.000000000e+00
3.150000000e+00 7.284483346e-19 0.000000000e+00 0.000000000e+00
3.160000000e+00 7.352245982e-19 0.000000000e+00 0.000000000e+00
3.170000000e+00 7.081195439e-19 0.000000000e+00 0.000000000e+00
3.180000000e+00 6.810144896e-19 0.000000000e+00 0.000000000e+00
3.190000000e+00 6.844026214e-19 0.000000000e+00 0.000000000e+00
3.200000000e+00 6.606856989e-19 0.000000000e+00 0.000000000e+00
3.210000000e+00 6.674619624e-19 0.000000000e+00 0.000000000e+00
3.220000000e+00 6.708500942e-19 0.000000000e+00 0.000000000e+00
3.230000000e+00 6.810144896e-19 0.000000000e+00 0.000000000e+00
3.240000000e+00 7.013432803e-19 0.000000000e+00 0.000000000e+00
3.250000000e+00 7.182839393e-19 0.000000000e+00 0.000000000e+00
3.260000000e+00 7.284483346e-19 0.000000000e+00 0.000000000e+00
3.270000000e+00 7.555533890e-19 0.000000000e+00 0.000000000e+00
3.280000000e+00 8.063753658e-19 0.000000000e+00 0.000000000e+00
3.290000000e+00 8.131516294e-19 0.000000000e+00 0.000000000e+00
3.300000000e+00 7.792703115e-19 0.000000000e+00 0.000000000e+00
3.310000000e+00 7.691059161e-19 0.000000000e+00 0.000000000e+00
3.320000000e+00 7.691059161e-19 0.000000000e+00 0.000000000e+00
3.330000000e+00 7.928228386e-19 0.000000000e+00 0.000000000e+00
3.340000000e+00 8.097634976e-19 0.000000000e+00 0.000000000e+00
3.350000000e+00 8.063753658e-19 0.000000000e+00 0.000000000e+00
3.360000000e+00 8.504210790e-19 0.000000000e+00 0.000000000e+00
3.370000000e+00 8.809142651e-19 0.000000000e+00 0.000000000e+00
3.380000000e+00 8.809142651e-19 0.000000000e+00 0.000000000e+00
3.390000000e+00 8.571973426e-19 0.000000000e+00 0.000000000e+00
3.400000000e+00 8.233160247e-19 0.000000000e+00 0.000000000e+00
3.410000000e+00 8.402566837e-19 0.000000000e+00 0.000000000e+00
3.420000000e+00 8.978549241e-19 0.000000000e+00 0.000000000e+00
3.430000000e+00 9.622294281e-19 0.000000000e+00 0.000000000e+00
3.440000000e+00 9.994988778e-19 0.000000000e+00 0.000000000e+00
3.450000000e+00 1.060485250e-18 0.000000000e+00 0.000000000e+00
3.460000000e+00 1.121471622e-18 0.000000000e+00 0.000000000e+00
3.470000000e+00 1.172293599e-18 0.000000000e+00 0.000000000e+00
3.480000000e+00 1.202786785e-18 0.000000000e+00 0.000000000e+00
3.490000000e+00 1.199398653e-18 0.000000000e+00 0.000000000e+00
3.500000000e+00 1.199398653e-18 0.000000000e+00 0.000000000e+00
3.510000000e+00 1.192622390e-18 0.000000000e+00 0.000000000e+00
3.520000000e+00 1.192622390e-18 0.000000000e+00 0.000000000e+00
3.530000000e+00 1.229891839e-18 0.000000000e+00 0.000000000e+00
3.540000000e+00 1.236668103e-18 0.000000000e+00 0.000000000e+00
3.550000000e+00 1.256996894e-18 0.000000000e+00 0.000000000e+00
3.560000000e+00 1.236668103e-18 0.000000000e+00 0.000000000e+00
3.570000000e+00 1.212951180e-18 0.000000000e+00 0.000000000e+00
3.580000000e+00 1.185846126e-18 0.000000000e+00 0.000000000e+00
3.590000000e+00 1.175681731e-18 0.000000000e+00 0.000000000e+00
3.600000000e+00 1.155352940e-18 0.000000000e+00 0.000000000e+00
3.610000000e+00 1.151964808e-18 0.000000000e+00 0.000000000e+00
3.620000000e+00 1.199398653e-18 0.000000000e+00 0.000000000e+00
3.630000000e+00 1.189234258e-18 0.000000000e+00 0.000000000e+00
3.640000000e+00 1.212951180e-18 0.000000000e+00 0.000000000e+00
3.650000000e+00 1.219727444e-18 0.000000000e+00 0.000000000e+00
3.660000000e+00 1.229891839e-18 0.000000000e+00 0.000000000e+00
3.670000000e+00 1.250220630e-18 0.000000000e+00 0.000000000e+00
3.680000000e+00 1.270549421e-18 0.000000000e+00 0.000000000e+00
3.690000000e+00 1.284101948e-18 0.000000000e+00 0.000000000e+00
3.700000000e+00 1.321371398e-18 0.000000000e+00 0.000000000e+00
3.710000000e+00 1.345088320e-18 0.000000000e+00 0.000000000e+00
3.720000000e+00 1.355252716e-18 0.000000000e+00 0.000000000e+00
3.730000000e+00 1.378969638e-18 0.000000000e+00 0.000000000e+00
3.740000000e+00 1.395910297e-18 0.000000000e+00 0.000000000e+00
3.750000000e+00 1.358640847e-18 0.000000000e+00 0.000000000e+00
3.760000000e+00 1.338312057e-18 0.000000000e+00 0.000000000e+00
3.770000000e+00 1.311207002e-18 0.000000000e+00 0.000000000e+00
3.780000000e+00 1.304430739e-18 0.000000000e+00 0.000000000e+00
3.790000000e+00 1.294266343e-18 0.000000000e+00 0.000000000e+00
3.800000000e+00 1.280713816e-18 0.000000000e+00 0.000000000e+00
3.810000000e+00 1.270549421e-18 0.000000000e+00 0.000000000e+00
3.820000000e+00 1.270549421e-18 0.000000000e+00 0.000000000e+00
3.830000000e+00 1.240056235e-18 0.000000000e+00 0.000000000e+00
3.840000000e+00 1.267161289e-18 0.000000000e+00 0.000000000e+00
3.850000000e+00 1.273937553e-18 0.000000000e+00 0.000000000e+00
3.860000000e+00 1.273937553e-18 0.000000000e+00 0.000000000e+00
3.870000000e+00 1.287490080e-18 0.000000000e+00 0.000000000e+00
3.880000000e+00 1.267161289e-18 0.000000000e+00 0.000000000e+00
3.890000000e+00 1.216339312e-18 0.000000000e+00 0.000000000e+00
3.900000000e+00 1.206174917e-18 0.000000000e+00 0.000000000e+00
3.910000000e+00 1.179069863e-18 0.000000000e+00 0.000000000e+00
3.920000000e+00 1.148576676e-18 0.000000000e+00 0.000000000e+00
3.930000000e+00 1.118083490e-18 0.000000000e+00 0.000000000e+00
3.940000000e+00 1.097754700e-18 0.000000000e+00 0.000000000e+00
3.950000000e+00 1.040156459e-18 0.000000000e+00 0.000000000e+00
3.960000000e+00 9.791700870e-19 0.000000000e+00 0.000000000e+00
3.970000000e+00 9.520650327e-19 0.000000000e+00 0.000000000e+00
3.980000000e+00 9.080193195e-19 0.000000000e+00 0.000000000e+00
3.990000000e+00 8.605854744e-19 0.000000000e+00 0.000000000e+00
4.000000000e+00 8.300922883e-19 0.000000000e+00 0.000000000e+00
4.010000000e+00 8.233160247e-19 0.000000000e+00 0.000000000e+00
4.020000000e+00 7.758821797e-19 0.000000000e+00 0.000000000e+00
4.030000000e+00 7.657177843e-19 0.000000000e+00 0.000000000e+00
4.040000000e+00 7.487771254e-19 0.000000000e+00 0.000000000e+00
4.050000000e+00 7.453889936e-19 0.000000000e+00 0.000000000e+00
4.060000000e+00 7.386127300e-19 0.000000000e+00 0.000000000e+00
4.070000000e+00 7.013432803e-19 0.000000000e+00 0.000000000e+00
4.080000000e+00 6.437450399e-19 0.000000000e+00 0.000000000e+00
4.090000000e+00 5.929230631e-19 0.000000000e+00 0.000000000e+00
4.100000000e+00 5.556536134e-19 0.000000000e+00 0.000000000e+00
4.110000000e+00 5.488773498e-19 0.000000000e+00 0.000000000e+00
4.120000000e+00 5.048316366e-19 0.000000000e+00 0.000000000e+00
4.130000000e+00 4.811147140e-19 0.000000000e+00 0.000000000e+00
4.140000000e+00 4.540096597e-19 0.000000000e+00 0.000000000e+00
4.150000000e+00 4.336808690e-19 0.000000000e+00 0.000000000e+00
4.160000000e+00 4.506215279e-19 0.000000000e+00 0.000000000e+00
4.170000000e+00 4.845028458e-19 0.000000000e+00 0.000000000e+00
4.180000000e+00 5.217722955e-19 0.000000000e+00 0.000000000e+00
4.190000000e+00 5.590417452e-19 0.000000000e+00 0.000000000e+00
4.200000000e+00 5.759824041e-19 0.000000000e+00 0.000000000e+00
4.210000000e+00 5.759824041e-19 0.000000000e+00 0.000000000e+00
4.220000000e+00 5.827586677e-19 0.000000000e+00 0.000000000e+00
4.230000000e+00 5.895349313e-19 0.000000000e+00 0.000000000e+00
4.240000000e+00 5.929230631e-19 0.000000000e+00 0.000000000e+00
4.250000000e+00 5.996993267e-19 0.000000000e+00 0.000000000e+00
4.260000000e+00 5.996993267e-19 0.000000000e+00 0.000000000e+00
4.270000000e+00 5.827586677e-19 0.000000000e+00 0.000000000e+00
4.280000000e+00 5.725942723e-19 0.000000000e+00 0.000000000e+00
4.290000000e+00 5.624298770e-19 0.000000000e+00 0.000000000e+00
4.300000000e+00 5.725942723e-19 0.000000000e+00 0.000000000e+00
4.310000000e+00 6.132518538e-19 0.000000000e+00 0.000000000e+00
4.320000000e+00 6.234162492e-19 0.000000000e+00 0.000000000e+00
4.330000000e+00 6.369687763e-19 0.000000000e+00 0.000000000e+00
4.340000000e+00 6.708500942e-19 0.000000000e+00 0.000000000e+00
4.350000000e+00 7.420008618e-19 0.000000000e+00 0.000000000e+00
4.360000000e+00 7.894347068e-19 0.000000000e+00 0.000000000e+00
4.370000000e+00 8.504210790e-19 0.000000000e+00 0.000000000e+00
4.380000000e+00 8.978549241e-19 0.000000000e+00 0.000000000e+00
4.390000000e+00 9.181837148e-19 0.000000000e+00 0.000000000e+00
4.400000000e+00 8.876905287e-19 0.000000000e+00 0.000000000e+00
4.410000000e+00 9.046311877e-19 0.000000000e+00 0.000000000e+00
4.420000000e+00 9.419006373e-19 0.000000000e+00 0.000000000e+00
4.430000000e+00 9.927226142e-19 0.000000000e+00 0.000000000e+00
4.440000000e+00 1.040156459e-18 0.000000000e+00 0.000000000e+00
4.450000000e+00 1.084202172e-18 0.000000000e+00 0.000000000e+00
4.460000000e+00 1.087590304e-18 0.000000000e+00 0.000000000e+00
4.470000000e+00 1.141800413e-18 0.000000000e+00 0.000000000e+00
4.480000000e+00 1.168905467e-18 0.000000000e+00 0.000000000e+00
4.490000000e+00 1.209563049e-18 0.000000000e+00 0.000000000e+00
4.500000000e+00 1.263773157e-18 0.000000000e+00 0.000000000e+00
4.510000000e+00 1.334923925e-18 0.000000000e+00 0.000000000e+00
4.520000000e+00 1.392522165e-18 0.000000000e+00 0.000000000e+00
4.530000000e+00 1.439956010e-18 0.000000000e+00 0.000000000e+00
4.540000000e+00 1.460284801e-18 0.000000000e+00 0.000000000e+00
4.550000000e+00 1.507718646e-18 0.000000000e+00 0.000000000e+00
4.560000000e+00 1.551764359e-18 0.000000000e+00 0.000000000e+00
4.570000000e+00 1.609362600e-18 0.000000000e+00 0.000000000e+00
4.580000000e+00 1.663572708e-18 0.000000000e+00 0.000000000e+00
4.590000000e+00 1.683901499e-18 0.000000000e+00 0.000000000e+00
4.600000000e+00 1.738111608e-18 0.000000000e+00 0.000000000e+00
4.610000000e+00 1.771992926e-18 0.000000000e+00 0.000000000e+00
4.620000000e+00 1.809262375e-18 0.000000000e+00 0.000000000e+00
4.630000000e+00 1.866860616e-18 0.000000000e+00 0.000000000e+00
4.640000000e+00 1.938011383e-18 0.000000000e+00 0.000000000e+00
4.650000000e+00 1.951563910e-18 0.000000000e+00 0.000000000e+00
4.660000000e+00 1.978668965e-18 0.000000000e+00 0.000000000e+00
4.670000000e+00 2.002385887e-18 0.000000000e+00 0.000000000e+00
4.680000000e+00 2.043043469e-18 0.000000000e+00 0.000000000e+00
4.690000000e+00 2.070148523e-18 0.000000000e+00 0.000000000e+00
4.700000000e+00 2.076924787e-18 0.000000000e+00 0.000000000e+00
4.710000000e+00 2.093865446e-18 0.000000000e+00 0.000000000e+00
4.720000000e+00 2.107417973e-18 0.000000000e+00 0.000000000e+00
4.730000000e+00 2.151463686e-18 0.000000000e+00 0.000000000e+00
4.740000000e+00 2.151463686e-18 0.000000000e+00 0.000000000e+00
4.750000000e+00 2.222614454e-18 0.000000000e+00 0.000000000e+00
4.760000000e+00 2.246331376e-18 0.000000000e+00 0.000000000e+00
4.770000000e+00 2.280212694e-18 0.000000000e+00 0.000000000e+00
4.780000000e+00 2.314094012e-18 0.000000000e+00 0.000000000e+00
4.790000000e+00 2.395409175e-18 0.000000000e+00 0.000000000e+00
4.800000000e+00 2.415737966e-18 0.000000000e+00 0.000000000e+00
4.810000000e+00 2.436066756e-18 0.000000000e+00 0.000000000e+00
4.820000000e+00 2.436066756e-18 0.000000000e+00 0.000000000e+00
4.830000000e+00 2.436066756e-18 0.000000000e+00 0.000000000e+00
4.840000000e+00 2.483500601e-18 0.000000000e+00 0.000000000e+00
4.850000000e+00 2.520770051e-18 0.000000000e+00 0.000000000e+00
4.860000000e+00 2.554651369e-18 0.000000000e+00 0.000000000e+00
4.870000000e+00 2.571592028e-18 0.000000000e+00 0.000000000e+00
4.880000000e+00 2.524158183e-18 0.000000000e+00 0.000000000e+00
4.890000000e+00 2.568203896e-18 0.000000000e+00 0.000000000e+00
4.900000000e+00 2.585144555e-18 0.000000000e+00 0.000000000e+00
4.910000000e+00 2.605473346e-18 0.000000000e+00 0.000000000e+00
4.920000000e+00 2.635966532e-18 0.000000000e+00 0.000000000e+00
4.930000000e+00 2.656295323e-18 0.000000000e+00 0.000000000e+00
4.940000000e+00 2.683400377e-18 0.000000000e+00 0.000000000e+00
4.950000000e+00 2.676624113e-18 0.000000000e+00 0.000000000e+00
4.960000000e+00 2.693564772e-18 0.000000000e+00 0.000000000e+00
4.970000000e+00 2.690176640e-18 0.000000000e+00 0.000000000e+00
4.980000000e+00 2.693564772e-18 0.000000000e+00 0.000000000e+00
4.990000000e+00 2.652907191e-18 0.000000000e+00 0.000000000e+00
5.000000000e+00 2.646130927e-18 0.000000000e+00 0.000000000e+00
5.010000000e+00 2.615637741e-18 0.000000000e+00 0.000000000e+00
5.020000000e+00 2.625802136e-18 0.000000000e+00 0.000000000e+00
5.030000000e+00 2.612249609e-18 0.000000000e+00 0.000000000e+00
5.040000000e+00 2.571592028e-18 0.000000000e+00 0.000000000e+00
5.050000000e+00 2.551263237e-18 0.000000000e+00 0.000000000e+00
5.060000000e+00 2.534322578e-18 0.000000000e+00 0.000000000e+00
5.070000000e+00 2.513993787e-18 0.000000000e+00 0.000000000e+00
5.080000000e+00 2.486888733e-18 0.000000000e+00 0.000000000e+00
5.090000000e+00 2.497053129e-18 0.000000000e+00 0.000000000e+00
5.100000000e+00 2.486888733e-18 0.000000000e+00 0.000000000e+00
5.110000000e+00 2.463171811e-18 0.000000000e+00 0.000000000e+00
5.120000000e+00 2.439454888e-18 0.000000000e+00 0.000000000e+00
5.130000000e+00 2.446231152e-18 0.000000000e+00 0.000000000e+00
5.140000000e+00 2.436066756e-18 0.000000000e+00 0.000000000e+00
5.150000000e+00 2.453007415e-18 0.000000000e+00 0.000000000e+00
5.160000000e+00 2.483500601e-18 0.000000000e+00 0.000000000e+00
5.170000000e+00 2.453007415e-18 0.000000000e+00 0.000000000e+00
5.180000000e+00 2.425902361e-18 0.000000000e+00 0.000000000e+00
5.190000000e+00 2.442843020e-18 0.000000000e+00 0.000000000e+00
5.200000000e+00 2.490276865e-18 0.000000000e+00 0.000000000e+00
5.210000000e+00 2.500441260e-18 0.000000000e+00 0.000000000e+00
5.220000000e+00 2.510605656e-18 0.000000000e+00 0.000000000e+00
5.230000000e+00 2.544486974e-18 0.000000000e+00 0.000000000e+00
5.240000000e+00 2.571592028e-18 0.000000000e+00 0.000000000e+00
5.250000000e+00 2.598697082e-18 0.000000000e+00 0.000000000e+00
5.260000000e+00 2.595308950e-18 0.000000000e+00 0.000000000e+00
5.270000000e+00 2.619025873e-18 0.000000000e+00 0.000000000e+00
5.280000000e+00 2.622414005e-18 0.000000000e+00 0.000000000e+00
5.290000000e+00 2.595308950e-18 0.000000000e+00 0.000000000e+00
5.300000000e+00 2.544486974e-18 0.000000000e+00 0.000000000e+00
5.310000000e+00 2.544486974e-18 0.000000000e+00 0.000000000e+00
5.320000000e+00 2.558039501e-18 0.000000000e+00 0.000000000e+00
5.330000000e+00 2.537710710e-18 0.000000000e+00 0.000000000e+00
5.340000000e+00 2.436066756e-18 0.000000000e+00 0.000000000e+00
5.350000000e+00 2.402185438e-18 0.000000000e+00 0.000000000e+00
5.360000000e+00 2.331034671e-18 0.000000000e+00 0.000000000e+00
5.370000000e+00 2.344587198e-18 0.000000000e+00 0.000000000e+00
5.380000000e+00 2.358139725e-18 0.000000000e+00 0.000000000e+00
5.390000000e+00 2.395409175e-18 0.000000000e+00 0.000000000e+00
5.400000000e+00 2.459783679e-18 0.000000000e+00 0.000000000e+00
5.410000000e+00 2.534322578e-18 0.000000000e+00 0.000000000e+00
5.420000000e+00 2.605473346e-18 0.000000000e+00 0.000000000e+00
5.430000000e+00 2.652907191e-18 0.000000000e+00 0.000000000e+00
5.440000000e+00 2.646130927e-18 0.000000000e+00 0.000000000e+00
5.450000000e+00 2.588532687e-18 0.000000000e+00 0.000000000e+00
5.460000000e+00 2.517381919e-18 0.000000000e+00 0.000000000e+00
5.470000000e+00 2.490276865e-18 0.000000000e+00 0.000000000e+00
5.480000000e+00 2.436066756e-18 0.000000000e+00 0.000000000e+00
5.490000000e+00 2.385244779e-18 0.000000000e+00 0.000000000e+00
5.500000000e+00 2.388632911e-18 0.000000000e+00 0.000000000e+00
5.510000000e+00 2.398797307e-18 0.000000000e+00 0.000000000e+00
5.520000000e+00 2.385244779e-18 0.000000000e+00 0.000000000e+00
5.530000000e+00 2.364915989e-18 0.000000000e+00 0.000000000e+00
5.540000000e+00 2.361527857e-18 0.000000000e+00 0.000000000e+00
5.550000000e+00 2.358139725e-18 0.000000000e+00 0.000000000e+00
5.560000000e+00 2.392021043e-18 0.000000000e+00 0.000000000e+00
5.570000000e+00 2.422514229e-18 0.000000000e+00 0.000000000e+00
5.580000000e+00 2.442843020e-18 0.000000000e+00 0.000000000e+00
5.590000000e+00 2.459783679e-18 0.000000000e+00 0.000000000e+00
5.600000000e+00 2.469948074e-18 0.000000000e+00 0.000000000e+00
5.610000000e+00 2.429290493e-18 0.000000000e+00 0.000000000e+00
5.620000000e+00 2.412349834e-18 0.000000000e+00 0.000000000e+00
5.630000000e+00 2.385244779e-18 0.000000000e+00 0.000000000e+00
5.640000000e+00 2.317482144e-18 0.000000000e+00 0.000000000e+00
5.650000000e+00 2.290377089e-18 0.000000000e+00 0.000000000e+00
5.660000000e+00 2.249719508e-18 0.000000000e+00 0.000000000e+00
5.670000000e+00 2.242943244e-18 0.000000000e+00 0.000000000e+00
5.680000000e+00 2.236166981e-18 0.000000000e+00 0.000000000e+00
5.690000000e+00 2.202285663e-18 0.000000000e+00 0.000000000e+00
5.700000000e+00 2.185345004e-18 0.000000000e+00 0.000000000e+00
5.710000000e+00 2.185345004e-18 0.000000000e+00 0.000000000e+00
5.720000000e+00 2.188733136e-18 0.000000000e+00 0.000000000e+00
5.730000000e+00 2.151463686e-18 0.000000000e+00 0.000000000e+00
5.740000000e+00 2.124358632e-18 0.000000000e+00 0.000000000e+00
5.750000000e+00 2.124358632e-18 0.000000000e+00 0.000000000e+00
5.760000000e+00 2.124358632e-18 0.000000000e+00 0.000000000e+00
5.770000000e+00 2.117582368e-18 0.000000000e+00 0.000000000e+00
5.780000000e+00 2.134523027e-18 0.000000000e+00 0.000000000e+00
5.790000000e+00 2.127746764e-18 0.000000000e+00 0.000000000e+00
5.800000000e+00 2.137911159e-18 0.000000000e+00 0.000000000e+00
5.810000000e+00 2.127746764e-18 0.000000000e+00 0.000000000e+00
5.820000000e+00 2.161628081e-18 0.000000000e+00 0.000000000e+00
5.830000000e+00 2.219226322e-18 0.000000000e+00 0.000000000e+00
5.840000000e+00 2.242943244e-18 0.000000000e+00 0.000000000e+00
5.850000000e+00 2.276824562e-18 0.000000000e+00 0.000000000e+00
5.860000000e+00 2.310705880e-18 0.000000000e+00 0.000000000e+00
5.870000000e+00 2.361527857e-18 0.000000000e+00 0.000000000e+00
5.880000000e+00 2.378468516e-18 0.000000000e+00 0.000000000e+00
5.890000000e+00 2.385244779e-18 0.000000000e+00 0.000000000e+00
5.900000000e+00 2.385244779e-18 0.000000000e+00 0.000000000e+00
5.910000000e+00 2.395409175e-18 0.000000000e+00 0.000000000e+00
5.920000000e+00 2.358139725e-18 0.000000000e+00 0.000000000e+00
5.930000000e+00 2.327646539e-18 0.000000000e+00 0.000000000e+00
5.940000000e+00 2.317482144e-18 0.000000000e+00 0.000000000e+00
5.950000000e+00 2.351363462e-18 0.000000000e+00 0.000000000e+00
5.960000000e+00 2.347975330e-18 0.000000000e+00 0.000000000e+00
5.970000000e+00 2.341199066e-18 0.000000000e+00 0.000000000e+00
5.980000000e+00 2.351363462e-18 0.000000000e+00 0.000000000e+00
5.990000000e+00 2.375080384e-18 0.000000000e+00 0.000000000e+00
6.000000000e+00 2.368304121e-18 0.000000000e+00 0.000000000e+00
6.010000000e+00 2.320870275e-18 0.000000000e+00 0.000000000e+00
6.020000000e+00 2.266660167e-18 0.000000000e+00 0.000000000e+00
6.030000000e+00 2.253107640e-18 0.000000000e+00 0.000000000e+00
6.040000000e+00 2.232778849e-18 0.000000000e+00 0.000000000e+00
6.050000000e+00 2.270048299e-18 0.000000000e+00 0.000000000e+00
6.060000000e+00 2.297153353e-18 0.000000000e+00 0.000000000e+00
6.070000000e+00 2.347975330e-18 0.000000000e+00 0.000000000e+00
6.080000000e+00 2.425902361e-18 0.000000000e+00 0.000000000e+00
6.090000000e+00 2.490276865e-18 0.000000000e+00 0.000000000e+00
6.100000000e+00 2.527546315e-18 0.000000000e+00 0.000000000e+00
6.110000000e+00 2.544486974e-18 0.000000000e+00 0.000000000e+00
6.120000000e+00 2.564815764e-18 0.000000000e+00 0.000000000e+00
6.130000000e+00 2.568203896e-18 0.000000000e+00 0.000000000e+00
6.140000000e+00 2.574980160e-18 0.000000000e+00 0.000000000e+00
6.150000000e+00 2.588532687e-18 0.000000000e+00 0.000000000e+00
6.160000000e+00 2.615637741e-18 0.000000000e+00 0.000000000e+00
6.170000000e+00 2.629190268e-18 0.000000000e+00 0.000000000e+00
6.180000000e+00 2.598697082e-18 0.000000000e+00 0.000000000e+00
6.190000000e+00 2.602085214e-18 0.000000000e+00 0.000000000e+00
6.200000000e+00 2.605473346e-18 0.000000000e+00 0.000000000e+00
6.210000000e+00 2.612249609e-18 0.000000000e+00 0.000000000e+00
6.220000000e+00 2.615637741e-18 0.000000000e+00 0.000000000e+00
6.230000000e+00 2.632578400e-18 0.000000000e+00 0.000000000e+00
6.240000000e+00 2.649519059e-18 0.000000000e+00 0.000000000e+00
6.250000000e+00 2.663071586e-18 0.000000000e+00 0.000000000e+00
6.260000000e+00 2.680012245e-18 0.000000000e+00 0.000000000e+00
6.270000000e+00 2.724057958e-18 0.000000000e+00 0.000000000e+00
6.280000000e+00 2.724057958e-18 0.000000000e+00 0.000000000e+00
6.290000000e+00 2.696952904e-18 0.000000000e+00 0.000000000e+00
6.300000000e+00 2.690176640e-18 0.000000000e+00 0.000000000e+00
6.310000000e+00 2.690176640e-18 0.000000000e+00 0.000000000e+00
6.320000000e+00 2.686788509e-18 0.000000000e+00 0.000000000e+00
6.330000000e+00 2.683400377e-18 0.000000000e+00 0.000000000e+00
6.340000000e+00 2.693564772e-18 0.000000000e+00 0.000000000e+00
6.350000000e+00 2.690176640e-18 0.000000000e+00 0.000000000e+00
6.360000000e+00 2.737610486e-18 0.000000000e+00 0.000000000e+00
6.370000000e+00 2.788432462e-18 0.000000000e+00 0.000000000e+00
6.380000000e+00 2.818925648e-18 0.000000000e+00 0.000000000e+00
6.390000000e+00 2.832478176e-18 0.000000000e+00 0.000000000e+00
6.400000000e+00 2.825701912e-18 0.000000000e+00 0.000000000e+00
6.410000000e+00 2.839254439e-18 0.000000000e+00 0.000000000e+00
6.420000000e+00 2.873135757e-18 0.000000000e+00 0.000000000e+00
6.430000000e+00 2.873135757e-18 0.000000000e+00 0.000000000e+00
6.440000000e+00 2.842642571e-18 0.000000000e+00 0.000000000e+00
6.450000000e+00 2.862971362e-18 0.000000000e+00 0.000000000e+00
6.460000000e+00 2.862971362e-18 0.000000000e+00 0.000000000e+00
6.470000000e+00 2.862971362e-18 0.000000000e+00 0.000000000e+00
6.480000000e+00 2.856195098e-18 0.000000000e+00 0.000000000e+00
6.490000000e+00 2.876523889e-18 0.000000000e+00 0.000000000e+00
6.500000000e+00 2.886688284e-18 0.000000000e+00 0.000000000e+00
6.510000000e+00 2.917181470e-18 0.000000000e+00 0.000000000e+00
6.520000000e+00 2.944286525e-18 0.000000000e+00 0.000000000e+00
6.530000000e+00 2.940898393e-18 0.000000000e+00 0.000000000e+00
6.540000000e+00 2.947674656e-18 0.000000000e+00 0.000000000e+00
6.550000000e+00 2.991720370e-18 0.000000000e+00 0.000000000e+00
6.560000000e+00 3.035766083e-18 0.000000000e+00 0.000000000e+00
6.570000000e+00 3.035766083e-18 0.000000000e+00 0.000000000e+00
6.580000000e+00 3.039154215e-18 0.000000000e+00 0.000000000e+00
6.590000000e+00 3.028989819e-18 0.000000000e+00 0.000000000e+00
6.600000000e+00 3.022213556e-18 0.000000000e+00 0.000000000e+00
6.610000000e+00 3.001884765e-18 0.000000000e+00 0.000000000e+00
6.620000000e+00 2.988332238e-18 0.000000000e+00 0.000000000e+00
6.630000000e+00 2.978167843e-18 0.000000000e+00 0.000000000e+00
6.640000000e+00 2.947674656e-18 0.000000000e+00 0.000000000e+00
6.650000000e+00 2.920569602e-18 0.000000000e+00 0.000000000e+00
6.660000000e+00 2.896852680e-18 0.000000000e+00 0.000000000e+00
6.670000000e+00 2.876523889e-18 0.000000000e+00 0.000000000e+00
6.680000000e+00 2.876523889e-18 0.000000000e+00 0.000000000e+00
6.690000000e+00 2.883300152e-18 0.000000000e+00 0.000000000e+00
6.700000000e+00 2.866359494e-18 0.000000000e+00 0.000000000e+00
6.710000000e+00 2.866359494e-18 0.000000000e+00 0.000000000e+00
6.720000000e+00 2.869747625e-18 0.000000000e+00 0.000000000e+00
6.730000000e+00 2.859583230e-18 0.000000000e+00 0.000000000e+00
6.740000000e+00 2.829090044e-18 0.000000000e+00 0.000000000e+00
6.750000000e+00 2.798596858e-18 0.000000000e+00 0.000000000e+00
6.760000000e+00 2.818925648e-18 0.000000000e+00 0.000000000e+00
6.770000000e+00 2.839254439e-18 0.000000000e+00 0.000000000e+00
6.780000000e+00 2.822313780e-18 0.000000000e+00 0.000000000e+00
6.790000000e+00 2.801984990e-18 0.000000000e+00 0.000000000e+00
6.800000000e+00 2.778268067e-18 0.000000000e+00 0.000000000e+00
6.810000000e+00 2.764715540e-18 0.000000000e+00 0.000000000e+00
6.820000000e+00 2.778268067e-18 0.000000000e+00 0.000000000e+00
6.830000000e+00 2.781656199e-18 0.000000000e+00 0.000000000e+00
6.840000000e+00 2.768103672e-18 0.000000000e+00 0.000000000e+00
6.850000000e+00 2.754551144e-18 0.000000000e+00 0.000000000e+00
6.860000000e+00 2.768103672e-18 0.000000000e+00 0.000000000e+00
6.870000000e+00 2.788432462e-18 0.000000000e+00 0.000000000e+00
6.880000000e+00 2.812149385e-18 0.000000000e+00 0.000000000e+00
6.890000000e+00 2.822313780e-18 0.000000000e+00 0.000000000e+00
6.900000000e+00 2.879912021e-18 0.000000000e+00 0.000000000e+00
6.910000000e+00 2.937510261e-18 0.000000000e+00 0.000000000e+00
6.920000000e+00 2.959533118e-18 0.000000000e+00 0.000000000e+00
6.930000000e+00 2.954450920e-18 0.000000000e+00 0.000000000e+00
6.940000000e+00 2.934122129e-18 0.000000000e+00 0.000000000e+00
6.950000000e+00 2.908711141e-18 0.000000000e+00 0.000000000e+00
6.960000000e+00 2.908711141e-18 0.000000000e+00 0.000000000e+00
6.970000000e+00 2.901934877e-18 0.000000000e+00 0.000000000e+00
6.980000000e+00 2.869747625e-18 0.000000000e+00 0.000000000e+00
6.990000000e+00 2.847724769e-18 0.000000000e+00 0.000000000e+00
7.000000000e+00 2.844336637e-18 0.000000000e+00 0.000000000e+00
7.010000000e+00 2.846030703e-18 0.000000000e+00 0.000000000e+00
7.020000000e+00 2.842642571e-18 0.000000000e+00 0.000000000e+00
7.030000000e+00 2.844336637e-18 0.000000000e+00 0.000000000e+00
7.040000000e+00 2.852806966e-18 0.000000000e+00 0.000000000e+00
7.050000000e+00 2.844336637e-18 0.000000000e+00 0.000000000e+00
7.060000000e+00 2.842642571e-18 0.000000000e+00 0.000000000e+00
7.070000000e+00 2.825701912e-18 0.000000000e+00 0.000000000e+00
7.080000000e+00 2.827395978e-18 0.000000000e+00 0.000000000e+00
7.090000000e+00 2.824007846e-18 0.000000000e+00 0.000000000e+00
7.100000000e+00 2.822313780e-18 0.000000000e+00 0.000000000e+00
7.110000000e+00 2.827395978e-18 0.000000000e+00 0.000000000e+00
7.120000000e+00 2.837560373e-18 0.000000000e+00 0.000000000e+00
7.130000000e+00 2.822313780e-18 0.000000000e+00 0.000000000e+00
7.140000000e+00 2.796902792e-18 0.000000000e+00 0.000000000e+00
7.150000000e+00 2.779962133e-18 0.000000000e+00 0.000000000e+00
7.160000000e+00 2.752857079e-18 0.000000000e+00 0.000000000e+00
7.170000000e+00 2.739304551e-18 0.000000000e+00 0.000000000e+00
7.180000000e+00 2.715587629e-18 0.000000000e+00 0.000000000e+00
7.190000000e+00 2.718975761e-18 0.000000000e+00 0.000000000e+00
7.200000000e+00 2.732528288e-18 0.000000000e+00 0.000000000e+00
7.210000000e+00 2.751163013e-18 0.000000000e+00 0.000000000e+00
7.220000000e+00 2.769797738e-18 0.000000000e+00 0.000000000e+00
7.230000000e+00 2.793514660e-18 0.000000000e+00 0.000000000e+00
7.240000000e+00 2.808761253e-18 0.000000000e+00 0.000000000e+00
7.250000000e+00 2.832478176e-18 0.000000000e+00 0.000000000e+00
7.260000000e+00 2.839254439e-18 0.000000000e+00 0.000000000e+00
7.270000000e+00 2.871441691e-18 0.000000000e+00 0.000000000e+00
7.280000000e+00 2.905323009e-18 0.000000000e+00 0.000000000e+00
7.290000000e+00 2.935816195e-18 0.000000000e+00 0.000000000e+00
7.300000000e+00 2.951062788e-18 0.000000000e+00 0.000000000e+00
7.310000000e+00 2.973085645e-18 0.000000000e+00 0.000000000e+00
7.320000000e+00 2.981555974e-18 0.000000000e+00 0.000000000e+00
7.330000000e+00 2.976473777e-18 0.000000000e+00 0.000000000e+00
7.340000000e+00 2.988332238e-18 0.000000000e+00 0.000000000e+00
7.350000000e+00 2.984944106e-18 0.000000000e+00 0.000000000e+00
7.360000000e+00 2.986638172e-18 0.000000000e+00 0.000000000e+00
7.370000000e+00 3.003578831e-18 0.000000000e+00 0.000000000e+00
7.380000000e+00 3.035766083e-18 0.000000000e+00 0.000000000e+00
7.390000000e+00 3.047624544e-18 0.000000000e+00 0.000000000e+00
7.400000000e+00 3.079811796e-18 0.000000000e+00 0.000000000e+00
7.410000000e+00 3.095058389e-18 0.000000000e+00 0.000000000e+00
7.420000000e+00 3.106916851e-18 0.000000000e+00 0.000000000e+00
7.430000000e+00 3.135715971e-18 0.000000000e+00 0.000000000e+00
7.440000000e+00 3.162821025e-18 0.000000000e+00 0.000000000e+00
7.450000000e+00 3.149268498e-18 0.000000000e+00 0.000000000e+00
7.460000000e+00 3.161126959e-18 0.000000000e+00 0.000000000e+00
7.470000000e+00 3.140798168e-18 0.000000000e+00 0.000000000e+00
7.480000000e+00 3.123857509e-18 0.000000000e+00 0.000000000e+00
7.490000000e+00 3.108610916e-18 0.000000000e+00 0.000000000e+00
7.500000000e+00 3.110304982e-18 0.000000000e+00 0.000000000e+00
7.510000000e+00 3.096752455e-18 0.000000000e+00 0.000000000e+00
7.520000000e+00 3.084893994e-18 0.000000000e+00 0.000000000e+00
7.530000000e+00 3.069647401e-18 0.000000000e+00 0.000000000e+00
7.540000000e+00 3.061177071e-18 0.000000000e+00 0.000000000e+00
7.550000000e+00 3.062871137e-18 0.000000000e+00 0.000000000e+00
7.560000000e+00 3.051012676e-18 0.000000000e+00 0.000000000e+00
7.570000000e+00 3.044236412e-18 0.000000000e+00 0.000000000e+00
7.580000000e+00 3.057788940e-18 0.000000000e+00 0.000000000e+00
7.590000000e+00 3.061177071e-18 0.000000000e+00 0.000000000e+00
7.600000000e+00 3.074729599e-18 0.000000000e+00 0.000000000e+00
7.610000000e+00 3.098446521e-18 0.000000000e+00 0.000000000e+00
7.620000000e+00 3.105222785e-18 0.000000000e+00 0.000000000e+00
7.630000000e+00 3.108610916e-18 0.000000000e+00 0.000000000e+00
7.640000000e+00 3.106916851e-18 0.000000000e+00 0.000000000e+00
7.650000000e+00 3.083199928e-18 0.000000000e+00 0.000000000e+00
7.660000000e+00 3.074729599e-18 0.000000000e+00 0.000000000e+00
7.670000000e+00 3.069647401e-18 0.000000000e+00 0.000000000e+00
7.680000000e+00 3.064565203e-18 0.000000000e+00 0.000000000e+00
7.690000000e+00 3.071341467e-18 0.000000000e+00 0.000000000e+00
7.700000000e+00 3.074729599e-18 0.000000000e+00 0.000000000e+00
7.710000000e+00 3.057788940e-18 0.000000000e+00 0.000000000e+00
7.720000000e+00 3.052706742e-18 0.000000000e+00 0.000000000e+00
7.730000000e+00 3.023907622e-18 0.000000000e+00 0.000000000e+00
7.740000000e+00 3.010355095e-18 0.000000000e+00 0.000000000e+00
7.750000000e+00 2.986638172e-18 0.000000000e+00 0.000000000e+00
7.760000000e+00 2.979861908e-18 0.000000000e+00 0.000000000e+00
7.770000000e+00 2.974779711e-18 0.000000000e+00 0.000000000e+00
7.780000000e+00 2.954450920e-18 0.000000000e+00 0.000000000e+00
7.790000000e+00 2.951062788e-18 0.000000000e+00 0.000000000e+00
7.800000000e+00 2.952756854e-18 0.000000000e+00 0.000000000e+00
7.810000000e+00 2.971391579e-18 0.000000000e+00 0.000000000e+00
7.820000000e+00 2.984944106e-18 0.000000000e+00 0.000000000e+00
7.830000000e+00 3.000190699e-18 0.000000000e+00 0.000000000e+00
7.840000000e+00 2.993414436e-18 0.000000000e+00 0.000000000e+00
7.850000000e+00 2.973085645e-18 0.000000000e+00 0.000000000e+00
7.860000000e+00 2.959533118e-18 0.000000000e+00 0.000000000e+00
7.870000000e+00 2.947674656e-18 0.000000000e+00 0.000000000e+00
7.880000000e+00 2.932428063e-18 0.000000000e+00 0.000000000e+00
7.890000000e+00 2.891770482e-18 0.000000000e+00 0.000000000e+00
7.900000000e+00 2.864665428e-18 0.000000000e+00 0.000000000e+00
7.910000000e+00 2.834172242e-18 0.000000000e+00 0.000000000e+00
7.920000000e+00 2.815537517e-18 0.000000000e+00 0.000000000e+00
7.930000000e+00 2.805373121e-18 0.000000000e+00 0.000000000e+00
7.940000000e+00 2.786738396e-18 0.000000000e+00 0.000000000e+00
7.950000000e+00 2.766409606e-18 0.000000000e+00 0.000000000e+00
7.960000000e+00 2.757939276e-18 0.000000000e+00 0.000000000e+00
7.970000000e+00 2.747774881e-18 0.000000000e+00 0.000000000e+00
7.980000000e+00 2.729140156e-18 0.000000000e+00 0.000000000e+00
7.990000000e+00 2.710505431e-18 0.000000000e+00 0.000000000e+00
8.000000000e+00 2.712199497e-18 0.000000000e+00 0.000000000e+00
8.010000000e+00 2.683400377e-18 0.000000000e+00 0.000000000e+00
8.020000000e+00 2.664765652e-18 0.000000000e+00 0.000000000e+00
8.030000000e+00 2.654601257e-18 0.000000000e+00 0.000000000e+00
8.040000000e+00 2.659683454e-18 0.000000000e+00 0.000000000e+00
8.050000000e+00 2.651213125e-18 0.000000000e+00 0.000000000e+00
8.060000000e+00 2.625802136e-18 0.000000000e+00 0.000000000e+00
8.070000000e+00 2.617331807e-18 0.000000000e+00 0.000000000e+00
8.080000000e+00 2.602085214e-18 0.000000000e+00 0.000000000e+00
8.090000000e+00 2.607167412e-18 0.000000000e+00 0.000000000e+00
8.100000000e+00 2.619025873e-18 0.000000000e+00 0.000000000e+00
8.110000000e+00 2.627496202e-18 0.000000000e+00 0.000000000e+00
8.120000000e+00 2.627496202e-18 0.000000000e+00 0.000000000e+00
8.130000000e+00 2.615637741e-18 0.000000000e+00 0.000000000e+00
8.140000000e+00 2.594461917e-18 0.000000000e+00 0.000000000e+00
8.150000000e+00 2.573286094e-18 0.000000000e+00 0.000000000e+00
8.160000000e+00 2.569897962e-18 0.000000000e+00 0.000000000e+00
8.170000000e+00 2.570744995e-18 0.000000000e+00 0.000000000e+00
8.180000000e+00 2.575827193e-18 0.000000000e+00 0.000000000e+00
8.190000000e+00 2.595308950e-18 0.000000000e+00 0.000000000e+00
8.200000000e+00 2.600391148e-18 0.000000000e+00 0.000000000e+00
8.210000000e+00 2.618178840e-18 0.000000000e+00 0.000000000e+00
8.220000000e+00 2.623261038e-18 0.000000000e+00 0.000000000e+00
8.230000000e+00 2.641048730e-18 0.000000000e+00 0.000000000e+00
8.240000000e+00 2.661377520e-18 0.000000000e+00 0.000000000e+00
8.250000000e+00 2.663071586e-18 0.000000000e+00 0.000000000e+00
8.260000000e+00 2.664765652e-18 0.000000000e+00 0.000000000e+00
8.270000000e+00 2.671541916e-18 0.000000000e+00 0.000000000e+00
8.280000000e+00 2.675777080e-18 0.000000000e+00 0.000000000e+00
8.290000000e+00 2.682553344e-18 0.000000000e+00 0.000000000e+00
8.300000000e+00 2.684247410e-18 0.000000000e+00 0.000000000e+00
8.310000000e+00 2.674930047e-18 0.000000000e+00 0.000000000e+00
8.320000000e+00 2.682553344e-18 0.000000000e+00 0.000000000e+00
8.330000000e+00 2.691870706e-18 0.000000000e+00 0.000000000e+00
8.340000000e+00 2.691023673e-18 0.000000000e+00 0.000000000e+00
8.350000000e+00 2.698646970e-18 0.000000000e+00 0.000000000e+00
8.360000000e+00 2.713893563e-18 0.000000000e+00 0.000000000e+00
8.370000000e+00 2.714740596e-18 0.000000000e+00 0.000000000e+00
8.380000000e+00 2.709658398e-18 0.000000000e+00 0.000000000e+00
8.390000000e+00 2.704576201e-18 0.000000000e+00 0.000000000e+00
8.400000000e+00 2.707117299e-18 0.000000000e+00 0.000000000e+00
8.410000000e+00 2.713046530e-18 0.000000000e+00 0.000000000e+00
8.420000000e+00 2.724904991e-18 0.000000000e+00 0.000000000e+00
8.430000000e+00 2.724057958e-18 0.000000000e+00 0.000000000e+00
8.440000000e+00 2.717281695e-18 0.000000000e+00 0.000000000e+00
8.450000000e+00 2.715587629e-18 0.000000000e+00 0.000000000e+00
8.460000000e+00 2.717281695e-18 0.000000000e+00 0.000000000e+00
8.470000000e+00 2.711352464e-18 0.000000000e+00 0.000000000e+00
8.480000000e+00 2.706270266e-18 0.000000000e+00 0.000000000e+00
8.490000000e+00 2.698646970e-18 0.000000000e+00 0.000000000e+00
8.500000000e+00 2.694411805e-18 0.000000000e+00 0.000000000e+00
8.510000000e+00 2.691870706e-18 0.000000000e+00 0.000000000e+00
8.520000000e+00 2.692717739e-18 0.000000000e+00 0.000000000e+00
8.530000000e+00 2.702882135e-18 0.000000000e+00 0.000000000e+00
8.540000000e+00 2.702882135e-18 0.000000000e+00 0.000000000e+00
8.550000000e+00 2.707117299e-18 0.000000000e+00 0.000000000e+00
8.560000000e+00 2.709658398e-18 0.000000000e+00 0.000000000e+00
8.570000000e+00 2.717281695e-18 0.000000000e+00 0.000000000e+00
8.580000000e+00 2.723210925e-18 0.000000000e+00 0.000000000e+00
8.590000000e+00 2.732528288e-18 0.000000000e+00 0.000000000e+00
8.600000000e+00 2.741845650e-18 0.000000000e+00 0.000000000e+00
8.610000000e+00 2.757092243e-18 0.000000000e+00 0.000000000e+00
8.620000000e+00 2.758786309e-18 0.000000000e+00 0.000000000e+00
8.630000000e+00 2.740998617e-18 0.000000000e+00 0.000000000e+00
8.640000000e+00 2.734222354e-18 0.000000000e+00 0.000000000e+00
8.650000000e+00 2.724904991e-18 0.000000000e+00 0.000000000e+00
8.660000000e+00 2.724904991e-18 0.000000000e+00 0.000000000e+00
8.670000000e+00 2.727446090e-18 0.000000000e+00 0.000000000e+00
8.680000000e+00 2.738457518e-18 0.000000000e+00 0.000000000e+00
8.690000000e+00 2.740151584e-18 0.000000000e+00 0.000000000e+00
8.700000000e+00 2.735916420e-18 0.000000000e+00 0.000000000e+00
8.710000000e+00 2.729140156e-18 0.000000000e+00 0.000000000e+00
8.720000000e+00 2.718975761e-18 0.000000000e+00 0.000000000e+00
8.730000000e+00 2.713893563e-18 0.000000000e+00 0.000000000e+00
8.740000000e+00 2.713046530e-18 0.000000000e+00 0.000000000e+00
8.750000000e+00 2.711352464e-18 0.000000000e+00 0.000000000e+00
8.760000000e+00 2.708811365e-18 0.000000000e+00 0.000000000e+00
8.770000000e+00 2.703729168e-18 0.000000000e+00 0.000000000e+00
8.780000000e+00 2.707964332e-18 0.000000000e+00 0.000000000e+00
8.790000000e+00 2.702035102e-18 0.000000000e+00 0.000000000e+00
8.800000000e+00 2.698646970e-18 0.000000000e+00 0.000000000e+00
8.810000000e+00 2.702458618e-18 0.000000000e+00 0.000000000e+00
8.820000000e+00 2.701611585e-18 0.000000000e+00 0.000000000e+00
8.830000000e+00 2.702035102e-18 0.000000000e+00 0.000000000e+00
8.840000000e+00 2.699070486e-18 0.000000000e+00 0.000000000e+00
8.850000000e+00 2.701188069e-18 0.000000000e+00 0.000000000e+00
8.860000000e+00 2.706693783e-18 0.000000000e+00 0.000000000e+00
8.870000000e+00 2.707540816e-18 0.000000000e+00 0.000000000e+00
8.880000000e+00 2.704999717e-18 0.000000000e+00 0.000000000e+00
8.890000000e+00 2.704576201e-18 0.000000000e+00 0.000000000e+00
8.900000000e+00 2.699494003e-18 0.000000000e+00 0.000000000e+00
8.910000000e+00 2.703305651e-18 0.000000000e+00 0.000000000e+00
8.920000000e+00 2.706270266e-18 0.000000000e+00 0.000000000e+00
8.930000000e+00 2.705846750e-18 0.000000000e+00 0.000000000e+00
8.940000000e+00 2.708811365e-18 0.000000000e+00 0.000000000e+00
8.950000000e+00 2.710505431e-18 0.000000000e+00 0.000000000e+00
8.960000000e+00 2.712199497e-18 0.000000000e+00 0.000000000e+00
8.970000000e+00 2.713893563e-18 0.000000000e+00 0.000000000e+00
8.980000000e+00 2.715164112e-18 0.000000000e+00 0.000000000e+00
8.990000000e+00 2.715164112e-18 0.000000000e+00 0.000000000e+00
9.000000000e+00 2.712623014e-18 0.000000000e+00 0.000000000e+00
9.010000000e+00 2.711352464e-18 0.000000000e+00 0.000000000e+00
9.020000000e+00 2.710081915e-18 0.000000000e+00 0.000000000e+00
9.030000000e+00 2.714740596e-18 0.000000000e+00 0.000000000e+00
9.040000000e+00 2.718552244e-18 0.000000000e+00 0.000000000e+00
9.050000000e+00 2.719399277e-18 0.000000000e+00 0.000000000e+00
9.060000000e+00 2.720246310e-18 0.000000000e+00 0.000000000e+00
9.070000000e+00 2.724904991e-18 0.000000000e+00 0.000000000e+00
9.080000000e+00 2.726175541e-18 0.000000000e+00 0.000000000e+00
9.090000000e+00 2.724481475e-18 0.000000000e+00 0.000000000e+00
9.100000000e+00 2.721093343e-18 0.000000000e+00 0.000000000e+00
9.110000000e+00 2.719822794e-18 0.000000000e+00 0.000000000e+00
9.120000000e+00 2.721093343e-18 0.000000000e+00 0.000000000e+00
9.130000000e+00 2.716858178e-18 0.000000000e+00 0.000000000e+00
9.140000000e+00 2.712623014e-18 0.000000000e+00 0.000000000e+00
9.150000000e+00 2.708811365e-18 0.000000000e+00 0.000000000e+00
9.160000000e+00 2.706270266e-18 0.000000000e+00 0.000000000e+00
9.170000000e+00 2.703729168e-18 0.000000000e+00 0.000000000e+00
9.180000000e+00 2.703940926e-18 0.000000000e+00 0.000000000e+00
9.190000000e+00 2.705846750e-18 0.000000000e+00 0.000000000e+00
9.200000000e+00 2.704152684e-18 0.000000000e+00 0.000000000e+00
9.210000000e+00 2.704152684e-18 0.000000000e+00 0.000000000e+00
9.220000000e+00 2.705846750e-18 0.000000000e+00 0.000000000e+00
9.230000000e+00 2.700129278e-18 0.000000000e+00 0.000000000e+00
9.240000000e+00 2.696105871e-18 0.000000000e+00 0.000000000e+00
9.250000000e+00 2.692505981e-18 0.000000000e+00 0.000000000e+00
9.260000000e+00 2.687635542e-18 0.000000000e+00 0.000000000e+00
9.270000000e+00 2.690176640e-18 0.000000000e+00 0.000000000e+00
9.280000000e+00 2.689753124e-18 0.000000000e+00 0.000000000e+00
9.290000000e+00 2.695682355e-18 0.000000000e+00 0.000000000e+00
9.300000000e+00 2.700764552e-18 0.000000000e+00 0.000000000e+00
9.310000000e+00 2.706482025e-18 0.000000000e+00 0.000000000e+00
9.320000000e+00 2.711564222e-18 0.000000000e+00 0.000000000e+00
9.330000000e+00 2.714317079e-18 0.000000000e+00 0.000000000e+00
9.340000000e+00 2.709446640e-18 0.000000000e+00 0.000000000e+00
9.350000000e+00 2.709658398e-18 0.000000000e+00 0.000000000e+00
9.360000000e+00 2.707329058e-18 0.000000000e+00 0.000000000e+00
9.370000000e+00 2.704999717e-18 0.000000000e+00 0.000000000e+00
9.380000000e+00 2.702670376e-18 0.000000000e+00 0.000000000e+00
9.390000000e+00 2.701611585e-18 0.000000000e+00 0.000000000e+00
9.400000000e+00 2.700552794e-18 0.000000000e+00 0.000000000e+00
9.410000000e+00 2.699494003e-18 0.000000000e+00 0.000000000e+00
9.420000000e+00 2.697588179e-18 0.000000000e+00 0.000000000e+00
9.430000000e+00 2.697799937e-18 0.000000000e+00 0.000000000e+00
9.440000000e+00 2.699811640e-18 0.000000000e+00 0.000000000e+00
9.450000000e+00 2.700658673e-18 0.000000000e+00 0.000000000e+00
9.460000000e+00 2.699282245e-18 0.000000000e+00 0.000000000e+00
9.470000000e+00 2.699176366e-18 0.000000000e+00 0.000000000e+00
9.480000000e+00 2.699917519e-18 0.000000000e+00 0.000000000e+00
9.490000000e+00 2.700235157e-18 0.000000000e+00 0.000000000e+00
9.500000000e+00 2.701082190e-18 0.000000000e+00 0.000000000e+00
9.510000000e+00 2.702882135e-18 0.000000000e+00 0.000000000e+00
9.520000000e+00 2.703623289e-18 0.000000000e+00 0.000000000e+00
9.530000000e+00 2.704787959e-18 0.000000000e+00 0.000000000e+00
9.540000000e+00 2.705211475e-18 0.000000000e+00 0.000000000e+00
9.550000000e+00 2.704787959e-18 0.000000000e+00 0.000000000e+00
9.560000000e+00 2.703623289e-18 0.000000000e+00 0.000000000e+00
9.570000000e+00 2.703411530e-18 0.000000000e+00 0.000000000e+00
9.580000000e+00 2.702776256e-18 0.000000000e+00 0.000000000e+00
9.590000000e+00 2.702776256e-18 0.000000000e+00 0.000000000e+00
9.600000000e+00 2.702882135e-18 0.000000000e+00 0.000000000e+00
9.610000000e+00 2.703093893e-18 0.000000000e+00 0.000000000e+00
9.620000000e+00 2.703782107e-18 0.000000000e+00 0.000000000e+00
9.630000000e+00 2.704576201e-18 0.000000000e+00 0.000000000e+00
9.640000000e+00 2.705211475e-18 0.000000000e+00 0.000000000e+00
9.650000000e+00 2.705158536e-18 0.000000000e+00 0.000000000e+00
9.660000000e+00 2.704946777e-18 0.000000000e+00 0.000000000e+00
9.670000000e+00 2.704523261e-18 0.000000000e+00 0.000000000e+00
9.680000000e+00 2.704205624e-18 0.000000000e+00 0.000000000e+00
9.690000000e+00 2.704152684e-18 0.000000000e+00 0.000000000e+00
9.700000000e+00 2.704099745e-18 0.000000000e+00 0.000000000e+00
9.710000000e+00 2.704046805e-18 0.000000000e+00 0.000000000e+00
9.720000000e+00 2.704311503e-18 0.000000000e+00 0.000000000e+00
9.730000000e+00 2.704576201e-18 0.000000000e+00 0.000000000e+00
9.740000000e+00 2.704655610e-18 0.000000000e+00 0.000000000e+00
9.750000000e+00 2.704496791e-18 0.000000000e+00 0.000000000e+00
9.760000000e+00 2.704735019e-18 0.000000000e+00 0.000000000e+00
9.770000000e+00 2.704920308e-18 0.000000000e+00 0.000000000e+00
9.780000000e+00 2.705158536e-18 0.000000000e+00 0.000000000e+00
9.790000000e+00 2.705396764e-18 0.000000000e+00 0.000000000e+00
9.800000000e+00 2.705423234e-18 0.000000000e+00 0.000000000e+00
9.810000000e+00 2.705436468e-18 0.000000000e+00 0.000000000e+00
9.820000000e+00 2.705396764e-18 0.000000000e+00 0.000000000e+00
9.830000000e+00 2.705171771e-18 0.000000000e+00 0.000000000e+00
9.840000000e+00 2.704999717e-18 0.000000000e+00 0.000000000e+00
9.850000000e+00 2.704907073e-18 0.000000000e+00 0.000000000e+00
9.860000000e+00 2.704973247e-18 0.000000000e+00 0.000000000e+00
9.870000000e+00 2.704887220e-18 0.000000000e+00 0.000000000e+00
9.880000000e+00 2.704940160e-18 0.000000000e+00 0.000000000e+00
9.890000000e+00 2.705006335e-18 0.000000000e+00 0.000000000e+00
9.900000000e+00 2.705046039e-18 0.000000000e+00 0.000000000e+00
9.910000000e+00 2.705089053e-18 0.000000000e+00 0.000000000e+00
9.920000000e+00 2.705098979e-18 0.000000000e+00 0.000000000e+00
9.930000000e+00 2.705092361e-18 0.000000000e+00 0.000000000e+00
9.940000000e+00 2.705085744e-18 0.000000000e+00 0.000000000e+00
9.950000000e+00 2.705070855e-18 0.000000000e+00 0.000000000e+00
9.960000000e+00 2.705073336e-18 0.000000000e+00 0.000000000e+00
9.970000000e+00 2.705067132e-18 0.000000000e+00 0.000000000e+00
9.980000000e+00 2.705062996e-18 0.000000000e+00 0.000000000e+00
9.990000000e+00 2.705061756e-18 0.000000000e+00 0.000000000e+00
1.000000000e+01 2.705061387e-18 0.000000000e+00 0.000000000e+00
