0.000000000e+00 0.000000000e+00 0.000000000e+00 0.000000000e+00
1.000000000e-02  0.000000000e+00 -1.309013319e-20  0.000000000e+00
2.000000000e-02  0.000000000e+00 -2.615875969e-20  0.000000000e+00
3.000000000e-02  0.000000000e+00 -3.917527381e-20  0.000000000e+00
4.000000000e-02  0.000000000e+00 -5.209252626e-20  0.000000000e+00
5.000000000e-02  0.000000000e+00 -6.532741606e-20  0.000000000e+00
6.000000000e-02  0.000000000e+00 -7.835054762e-20  0.000000000e+00
7.000000000e-02  0.000000000e+00 -9.063252536e-20  0.000000000e+00
8.000000000e-02  0.000000000e+00 -1.041850525e-19  0.000000000e+00
9.000000000e-02  0.000000000e+00 -1.177375797e-19  0.000000000e+00
1.000000000e-01  0.000000000e+00 -1.270549421e-19  0.000000000e+00
1.100000000e-01  0.000000000e+00 -1.380663704e-19  0.000000000e+00
1.200000000e-01  0.000000000e+00 -1.490777987e-19  0.000000000e+00
1.300000000e-01  0.000000000e+00 -1.609362600e-19  0.000000000e+00
1.400000000e-01  0.000000000e+00 -1.711006553e-19  0.000000000e+00
1.500000000e-01  0.000000000e+00 -1.931235120e-19  0.000000000e+00
1.600000000e-01  0.000000000e+00 -2.066760391e-19  0.000000000e+00
1.700000000e-01  0.000000000e+00 -2.066760391e-19  0.000000000e+00
1.800000000e-01  0.000000000e+00 -2.100641709e-19  0.000000000e+00
1.900000000e-01  0.000000000e+00 -2.168404345e-19  0.000000000e+00
2.000000000e-01  0.000000000e+00 -2.574980160e-19  0.000000000e+00
2.100000000e-01  0.000000000e+00 -2.778268067e-19  0.000000000e+00
2.200000000e-01  0.000000000e+00 -3.049318610e-19  0.000000000e+00
2.300000000e-01  0.000000000e+00 -3.252606517e-19  0.000000000e+00
2.400000000e-01  0.000000000e+00 -3.388131789e-19  0.000000000e+00
2.500000000e-01  0.000000000e+00 -3.117081246e-19  0.000000000e+00
2.600000000e-01  0.000000000e+00 -3.794707604e-19  0.000000000e+00
2.700000000e-01  0.000000000e+00 -3.794707604e-19  0.000000000e+00
2.800000000e-01  0.000000000e+00 -3.794707604e-19  0.000000000e+00
2.900000000e-01  0.000000000e+00 -4.878909776e-19  0.000000000e+00
3.000000000e-01  0.000000000e+00 -5.149960319e-19  0.000000000e+00
3.100000000e-01  0.000000000e+00 -4.878909776e-19  0.000000000e+00
3.200000000e-01  0.000000000e+00 -4.878909776e-19  0.000000000e+00
3.300000000e-01  0.000000000e+00 -5.421010862e-19  0.000000000e+00
3.400000000e-01  0.000000000e+00 -5.421010862e-19  0.000000000e+00
3.500000000e-01  0.000000000e+00 -4.878909776e-19  0.000000000e+00
3.600000000e-01  0.000000000e+00 -5.421010862e-19  0.000000000e+00
3.700000000e-01  0.000000000e+00 -5.421010862e-19  0.000000000e+00
3.800000000e-01  0.000000000e+00 -6.505213035e-19  0.000000000e+00
3.900000000e-01  0.000000000e+00 -5.963111949e-19  0.000000000e+00
4.000000000e-01  0.000000000e+00 -5.963111949e-19  0.000000000e+00
4.100000000e-01  0.000000000e+00 -4.878909776e-19  0.000000000e+00
4.200000000e-01  0.000000000e+00 -7.589415207e-19  0.000000000e+00
4.300000000e-01  0.000000000e+00 -7.589415207e-19  0.000000000e+00
4.400000000e-01  0.000000000e+00 -8.673617380e-19  0.000000000e+00
4.500000000e-01  0.000000000e+00 -7.047314121e-19  0.000000000e+00
4.600000000e-01  0.000000000e+00 -8.131516294e-19  0.000000000e+00
4.700000000e-01  0.000000000e+00 -8.673617380e-19  0.000000000e+00
4.800000000e-01  0.000000000e+00 -9.757819552e-19  0.000000000e+00
4.900000000e-01  0.000000000e+00 -7.589415207e-19  0.000000000e+00
5.000000000e-01  0.000000000e+00 -8.673617380e-19  0.000000000e+00
5.100000000e-01  0.000000000e+00 -9.757819552e-19  0.000000000e+00
5.200000000e-01  0.000000000e+00 -7.589415207e-19  0.000000000e+00
5.300000000e-01  0.000000000e+00 -8.673617380e-19  0.000000000e+00
5.400000000e-01  0.000000000e+00 -7.589415207e-19  0.000000000e+00
5.500000000e-01  0.000000000e+00 -9.757819552e-19  0.000000000e+00
5.600000000e-01  0.000000000e+00 -1.301042607e-18  0.000000000e+00
5.700000000e-01  0.000000000e+00 -9.757819552e-19  0.000000000e+00
5.800000000e-01  0.000000000e+00 -1.734723476e-18  0.000000000e+00
5.900000000e-01  0.000000000e+00 -1.517883041e-18  0.000000000e+00
6.000000000e-01  0.000000000e+00 -1.301042607e-18  0.000000000e+00
6.100000000e-01  0.000000000e+00 -1.517883041e-18  0.000000000e+00
6.200000000e-01  0.000000000e+00 -1.734723476e-18  0.000000000e+00
6.300000000e-01  0.000000000e+00 -1.301042607e-18  0.000000000e+00
6.400000000e-01  0.000000000e+00 -1.951563910e-18  0.000000000e+00
6.500000000e-01  0.000000000e+00 -1.734723476e-18  0.000000000e+00
6.600000000e-01  0.000000000e+00 -2.168404345e-18  0.000000000e+00
6.700000000e-01  0.000000000e+00 -2.168404345e-18  0.000000000e+00
6.800000000e-01  0.000000000e+00 -2.818925648e-18  0.000000000e+00
6.900000000e-01  0.000000000e+00 -3.035766083e-18  0.000000000e+00
7.000000000e-01  0.000000000e+00 -3.252606517e-18  0.000000000e+00
7.100000000e-01  0.000000000e+00 -4.770489559e-18  0.000000000e+00
7.200000000e-01  0.000000000e+00 -4.987329993e-18  0.000000000e+00
7.300000000e-01  0.000000000e+00 -5.854691731e-18  0.000000000e+00
7.400000000e-01  0.000000000e+00 -6.071532166e-18  0.000000000e+00
7.500000000e-01  0.000000000e+00 -7.806255642e-18  0.000000000e+00
7.600000000e-01  0.000000000e+00 -6.071532166e-18  0.000000000e+00
7.700000000e-01  0.000000000e+00 -4.770489559e-18  0.000000000e+00
7.800000000e-01  0.000000000e+00 -4.336808690e-18  0.000000000e+00
7.900000000e-01  0.000000000e+00 -3.903127821e-18  0.000000000e+00
8.000000000e-01  0.000000000e+00 -3.035766083e-18  0.000000000e+00
8.100000000e-01  0.000000000e+00 -2.168404345e-18  0.000000000e+00
8.200000000e-01  0.000000000e+00 -2.168404345e-18  0.000000000e+00
8.300000000e-01  0.000000000e+00 -2.602085214e-18  0.000000000e+00
8.400000000e-01  0.000000000e+00 -5.204170428e-18  0.000000000e+00
8.500000000e-01  0.000000000e+00 -4.336808690e-18  0.000000000e+00
8.600000000e-01  0.000000000e+00 -3.903127821e-18  0.000000000e+00
8.700000000e-01  0.000000000e+00 -2.602085214e-18  0.000000000e+00
8.800000000e-01  0.000000000e+00 -3.469446952e-18  0.000000000e+00
8.900000000e-01  0.000000000e+00 -4.336808690e-18  0.000000000e+00
9.000000000e-01  0.000000000e+00 -3.035766083e-18  0.000000000e+00
9.100000000e-01  0.000000000e+00 -4.336808690e-18  0.000000000e+00
9.200000000e-01  0.000000000e+00 -6.938893904e-18  0.000000000e+00
9.300000000e-01  0.000000000e+00 -6.505213035e-18  0.000000000e+00
9.400000000e-01  0.000000000e+00 -5.637851297e-18  0.000000000e+00
9.500000000e-01  0.000000000e+00 -6.505213035e-18  0.000000000e+00
9.600000000e-01  0.000000000e+00 -7.806255642e-18  0.000000000e+00
9.700000000e-01  0.000000000e+00 -1.040834086e-17  0.000000000e+00
9.800000000e-01  0.000000000e+00 -7.806255642e-18  0.000000000e+00
9.900000000e-01  0.000000000e+00 -8.673617380e-18  0.000000000e+00
1.000000000e+00  0.000000000e+00 -7.806255642e-18  0.000000000e+00
1.010000000e+00  0.000000000e+00 -8.673617380e-18  0.000000000e+00
1.020000000e+00  0.000000000e+00 -8.673617380e-18  0.000000000e+00
1.030000000e+00  0.000000000e+00 -1.040834086e-17  0.000000000e+00
1.040000000e+00  0.000000000e+00 -1.127570259e-17  0.000000000e+00
1.050000000e+00  0.000000000e+00 -1.040834086e-17  0.000000000e+00
1.060000000e+00  0.000000000e+00 -1.040834086e-17  0.000000000e+00
1.070000000e+00  0.000000000e+00 -1.040834086e-17  0.000000000e+00
1.080000000e+00  0.000000000e+00 -9.540979118e-18  0.000000000e+00
1.090000000e+00  0.000000000e+00 -7.806255642e-18  0.000000000e+00
1.100000000e+00  0.000000000e+00 -9.540979118e-18  0.000000000e+00
1.110000000e+00  0.000000000e+00 -1.127570259e-17  0.000000000e+00
1.120000000e+00  0.000000000e+00 -1.214306433e-17  0.000000000e+00
1.130000000e+00  0.000000000e+00 -1.474514955e-17  0.000000000e+00
1.140000000e+00  0.000000000e+00 -1.734723476e-17  0.000000000e+00
1.150000000e+00  0.000000000e+00 -1.734723476e-17  0.000000000e+00
1.160000000e+00  0.000000000e+00 -2.081668171e-17  0.000000000e+00
1.170000000e+00  0.000000000e+00 -2.168404345e-17  0.000000000e+00
1.180000000e+00  0.000000000e+00 -2.081668171e-17  0.000000000e+00
1.190000000e+00  0.000000000e+00 -2.081668171e-17  0.000000000e+00
1.200000000e+00  0.000000000e+00 -1.994931997e-17  0.000000000e+00
1.210000000e+00  0.000000000e+00 -1.908195824e-17  0.000000000e+00
1.220000000e+00  0.000000000e+00 -1.387778781e-17  0.000000000e+00
1.230000000e+00  0.000000000e+00 -1.561251128e-17  0.000000000e+00
1.240000000e+00  0.000000000e+00 -1.734723476e-17  0.000000000e+00
1.250000000e+00  0.000000000e+00 -2.081668171e-17  0.000000000e+00
1.260000000e+00  0.000000000e+00 -1.908195824e-17  0.000000000e+00
1.270000000e+00  0.000000000e+00 -2.255140519e-17  0.000000000e+00
1.280000000e+00  0.000000000e+00 -2.081668171e-17  0.000000000e+00
1.290000000e+00  0.000000000e+00 -2.081668171e-17  0.000000000e+00
1.300000000e+00  0.000000000e+00 -2.255140519e-17  0.000000000e+00
1.310000000e+00  0.000000000e+00 -2.602085214e-17  0.000000000e+00
1.320000000e+00  0.000000000e+00 -2.081668171e-17  0.000000000e+00
1.330000000e+00  0.000000000e+00 -2.081668171e-17  0.000000000e+00
1.340000000e+00  0.000000000e+00 -1.734723476e-17  0.000000000e+00
1.350000000e+00  0.000000000e+00 -1.734723476e-17  0.000000000e+00
1.360000000e+00  0.000000000e+00 -1.561251128e-17  0.000000000e+00
1.370000000e+00  0.000000000e+00 -1.561251128e-17  0.000000000e+00
1.380000000e+00  0.000000000e+00 -1.387778781e-17  0.000000000e+00
1.390000000e+00  0.000000000e+00 -8.673617380e-18  0.000000000e+00
1.400000000e+00  0.000000000e+00 -1.387778781e-17  0.000000000e+00
1.410000000e+00  0.000000000e+00 -2.255140519e-17  0.000000000e+00
1.420000000e+00  0.000000000e+00 -2.255140519e-17  0.000000000e+00
1.430000000e+00  0.000000000e+00 -2.602085214e-17  0.000000000e+00
1.440000000e+00  0.000000000e+00 -2.602085214e-17  0.000000000e+00
1.450000000e+00  0.000000000e+00 -2.775557562e-17  0.000000000e+00
1.460000000e+00  0.000000000e+00 -2.428612866e-17  0.000000000e+00
1.470000000e+00  0.000000000e+00 -2.602085214e-17  0.000000000e+00
1.480000000e+00  0.000000000e+00 -2.255140519e-17  0.000000000e+00
1.490000000e+00  0.000000000e+00 -2.428612866e-17  0.000000000e+00
1.500000000e+00  0.000000000e+00 -2.255140519e-17  0.000000000e+00
1.510000000e+00  0.000000000e+00 -1.214306433e-17  0.000000000e+00
1.520000000e+00  0.000000000e+00 -1.387778781e-17  0.000000000e+00
1.530000000e+00  0.000000000e+00 -1.734723476e-17  0.000000000e+00
1.540000000e+00  0.000000000e+00 -2.255140519e-17  0.000000000e+00
1.550000000e+00  0.000000000e+00 -1.734723476e-17  0.000000000e+00
1.560000000e+00  0.000000000e+00 -2.602085214e-17  0.000000000e+00
1.570000000e+00  0.000000000e+00 -2.428612866e-17  0.000000000e+00
1.580000000e+00  0.000000000e+00 -3.122502257e-17  0.000000000e+00
1.590000000e+00  0.000000000e+00 -2.775557562e-17  0.000000000e+00
1.600000000e+00  0.000000000e+00 -3.122502257e-17  0.000000000e+00
1.610000000e+00  0.000000000e+00 -3.816391647e-17  0.000000000e+00
1.620000000e+00  0.000000000e+00 -3.469446952e-17  0.000000000e+00
1.630000000e+00  0.000000000e+00 -4.510281038e-17  0.000000000e+00
1.640000000e+00  0.000000000e+00 -3.469446952e-17  0.000000000e+00
1.650000000e+00  0.000000000e+00 -3.122502257e-17  0.000000000e+00
1.660000000e+00  0.000000000e+00 -2.775557562e-17  0.000000000e+00
1.670000000e+00  0.000000000e+00 -2.428612866e-17  0.000000000e+00
1.680000000e+00  0.000000000e+00 -2.081668171e-17  0.000000000e+00
1.690000000e+00  0.000000000e+00 -2.081668171e-17  0.000000000e+00
1.700000000e+00  0.000000000e+00 -6.938893904e-18  0.000000000e+00
1.710000000e+00  0.000000000e+00 -1.387778781e-17  0.000000000e+00
1.720000000e+00 0.000000000e+00 0.000000000e+00 0.000000000e+00
1.730000000e+00 0.000000000e+00 3.469446952e-18 0.000000000e+00
1.740000000e+00 0.000000000e+00 0.000000000e+00 0.000000000e+00
1.750000000e+00  0.000000000e+00 -3.469446952e-18  0.000000000e+00
1.760000000e+00  0.000000000e+00 -3.469446952e-18  0.000000000e+00
1.770000000e+00  0.000000000e+00 -1.040834086e-17  0.000000000e+00
1.780000000e+00  0.000000000e+00 -3.469446952e-18  0.000000000e+00
1.790000000e+00  0.000000000e+00 -3.469446952e-18  0.000000000e+00
1.800000000e+00  0.000000000e+00 -3.469446952e-18  0.000000000e+00
1.810000000e+00  0.000000000e+00 -1.040834086e-17  0.000000000e+00
1.820000000e+00  0.000000000e+00 -6.938893904e-18  0.000000000e+00
1.830000000e+00 0.000000000e+00 0.000000000e+00 0.000000000e+00
1.840000000e+00  0.000000000e+00 -1.387778781e-17  0.000000000e+00
1.850000000e+00 0.000000000e+00 3.469446952e-18 0.000000000e+00
1.860000000e+00  0.000000000e+00 -6.938893904e-18  0.000000000e+00
1.870000000e+00 0.000000000e+00 6.938893904e-18 0.000000000e+00
1.880000000e+00 0.000000000e+00 0.000000000e+00 0.000000000e+00
1.890000000e+00  0.000000000e+00 -6.938893904e-18  0.000000000e+00
1.900000000e+00  0.000000000e+00 -1.387778781e-17  0.000000000e+00
1.910000000e+00  0.000000000e+00 -2.428612866e-17  0.000000000e+00
1.920000000e+00  0.000000000e+00 -2.775557562e-17  0.000000000e+00
1.930000000e+00  0.000000000e+00 -1.734723476e-17  0.000000000e+00
1.940000000e+00  0.000000000e+00 -1.387778781e-17  0.000000000e+00
1.950000000e+00  0.000000000e+00 -3.122502257e-17  0.000000000e+00
1.960000000e+00  0.000000000e+00 -1.734723476e-17  0.000000000e+00
1.970000000e+00  0.000000000e+00 -6.938893904e-18  0.000000000e+00
1.980000000e+00  0.000000000e+00 -1.040834086e-17  0.000000000e+00
1.990000000e+00 0.000000000e+00 0.000000000e+00 0.000000000e+00
2.000000000e+00  0.000000000e+00 -1.040834086e-17  0.000000000e+00
2.010000000e+00 0.000000000e+00 0.000000000e+00 0.000000000e+00
2.020000000e+00  0.000000000e+00 -1.040834086e-17  0.000000000e+00
2.030000000e+00 0.000000000e+00 0.000000000e+00 0.000000000e+00
2.040000000e+00  0.000000000e+00 -1.387778781e-17  0.000000000e+00
2.050000000e+00  0.000000000e+00 -2.081668171e-17  0.000000000e+00
2.060000000e+00  0.000000000e+00 -6.938893904e-18  0.000000000e+00
2.070000000e+00  0.000000000e+00 -6.938893904e-18  0.000000000e+00
2.080000000e+00 0.000000000e+00 0.000000000e+00 0.000000000e+00
2.090000000e+00 0.000000000e+00 1.387778781e-17 0.000000000e+00
2.100000000e+00 0.000000000e+00 0.000000000e+00 0.000000000e+00
2.110000000e+00 0.000000000e+00 1.387778781e-17 0.000000000e+00
2.120000000e+00 0.000000000e+00 1.387778781e-17 0.000000000e+00
2.130000000e+00 0.000000000e+00 2.775557562e-17 0.000000000e+00
2.140000000e+00 0.000000000e+00 3.469446952e-17 0.000000000e+00
2.150000000e+00 0.000000000e+00 6.245004514e-17 0.000000000e+00
2.160000000e+00 0.000000000e+00 9.020562075e-17 0.000000000e+00
2.170000000e+00 0.000000000e+00 6.245004514e-17 0.000000000e+00
2.180000000e+00 0.000000000e+00 8.326672685e-17 0.000000000e+00
2.190000000e+00 0.000000000e+00 6.938893904e-17 0.000000000e+00
2.200000000e+00 0.000000000e+00 6.245004514e-17 0.000000000e+00
2.210000000e+00 0.000000000e+00 6.938893904e-17 0.000000000e+00
2.220000000e+00 0.000000000e+00 9.714451465e-17 0.000000000e+00
2.230000000e+00 0.000000000e+00 9.714451465e-17 0.000000000e+00
2.240000000e+00 0.000000000e+00 1.110223025e-16 0.000000000e+00
2.250000000e+00 0.000000000e+00 1.249000903e-16 0.000000000e+00
2.260000000e+00 0.000000000e+00 1.110223025e-16 0.000000000e+00
2.270000000e+00 0.000000000e+00 1.249000903e-16 0.000000000e+00
2.280000000e+00 0.000000000e+00 1.179611964e-16 0.000000000e+00
2.290000000e+00 0.000000000e+00 1.110223025e-16 0.000000000e+00
2.300000000e+00 0.000000000e+00 1.179611964e-16 0.000000000e+00
2.310000000e+00 0.000000000e+00 1.040834086e-16 0.000000000e+00
2.320000000e+00 0.000000000e+00 9.020562075e-17 0.000000000e+00
2.330000000e+00 0.000000000e+00 9.714451465e-17 0.000000000e+00
2.340000000e+00 0.000000000e+00 7.632783294e-17 0.000000000e+00
2.350000000e+00 0.000000000e+00 9.020562075e-17 0.000000000e+00
2.360000000e+00 0.000000000e+00 9.020562075e-17 0.000000000e+00
2.370000000e+00 0.000000000e+00 9.714451465e-17 0.000000000e+00
2.380000000e+00 0.000000000e+00 5.551115123e-17 0.000000000e+00
2.390000000e+00 0.000000000e+00 7.632783294e-17 0.000000000e+00
2.400000000e+00 0.000000000e+00 5.551115123e-17 0.000000000e+00
2.410000000e+00 0.000000000e+00 6.938893904e-17 0.000000000e+00
2.420000000e+00 0.000000000e+00 6.245004514e-17 0.000000000e+00
2.430000000e+00 0.000000000e+00 9.020562075e-17 0.000000000e+00
2.440000000e+00 0.000000000e+00 1.110223025e-16 0.000000000e+00
2.450000000e+00 0.000000000e+00 1.387778781e-16 0.000000000e+00
2.460000000e+00 0.000000000e+00 1.110223025e-16 0.000000000e+00
2.470000000e+00 0.000000000e+00 1.040834086e-16 0.000000000e+00
2.480000000e+00 0.000000000e+00 9.714451465e-17 0.000000000e+00
2.490000000e+00 0.000000000e+00 1.040834086e-16 0.000000000e+00
2.500000000e+00 0.000000000e+00 1.040834086e-16 0.000000000e+00
2.510000000e+00 0.000000000e+00 1.457167720e-16 0.000000000e+00
2.520000000e+00 0.000000000e+00 1.179611964e-16 0.000000000e+00
2.530000000e+00 0.000000000e+00 1.387778781e-16 0.000000000e+00
2.540000000e+00 0.000000000e+00 1.318389842e-16 0.000000000e+00
2.550000000e+00 0.000000000e+00 1.457167720e-16 0.000000000e+00
2.560000000e+00 0.000000000e+00 1.110223025e-16 0.000000000e+00
2.570000000e+00 0.000000000e+00 1.040834086e-16 0.000000000e+00
2.580000000e+00 0.000000000e+00 9.714451465e-17 0.000000000e+00
2.590000000e+00 0.000000000e+00 9.020562075e-17 0.000000000e+00
2.600000000e+00 0.000000000e+00 1.110223025e-16 0.000000000e+00
2.610000000e+00 0.000000000e+00 7.632783294e-17 0.000000000e+00
2.620000000e+00 0.000000000e+00 9.020562075e-17 0.000000000e+00
2.630000000e+00 0.000000000e+00 7.632783294e-17 0.000000000e+00
2.640000000e+00 0.000000000e+00 9.020562075e-17 0.000000000e+00
2.650000000e+00 0.000000000e+00 8.326672685e-17 0.000000000e+00
2.660000000e+00 0.000000000e+00 9.714451465e-17 0.000000000e+00
2.670000000e+00 0.000000000e+00 8.326672685e-17 0.000000000e+00
2.680000000e+00 0.000000000e+00 1.110223025e-16 0.000000000e+00
2.690000000e+00 0.000000000e+00 6.938893904e-17 0.000000000e+00
2.700000000e+00 0.000000000e+00 6.938893904e-17 0.000000000e+00
2.710000000e+00 0.000000000e+00 9.714451465e-17 0.000000000e+00
2.720000000e+00 0.000000000e+00 6.938893904e-17 0.000000000e+00
2.730000000e+00 0.000000000e+00 5.551115123e-17 0.000000000e+00
2.740000000e+00 0.000000000e+00 6.938893904e-17 0.000000000e+00
2.750000000e+00 0.000000000e+00 8.326672685e-17 0.000000000e+00
2.760000000e+00 0.000000000e+00 8.326672685e-17 0.000000000e+00
2.770000000e+00 0.000000000e+00 8.326672685e-17 0.000000000e+00
2.780000000e+00 0.000000000e+00 9.714451465e-17 0.000000000e+00
2.790000000e+00 0.000000000e+00 4.163336342e-17 0.000000000e+00
2.800000000e+00 0.000000000e+00 9.714451465e-17 0.000000000e+00
2.810000000e+00 0.000000000e+00 5.551115123e-17 0.000000000e+00
2.820000000e+00 0.000000000e+00 1.387778781e-17 0.000000000e+00
2.830000000e+00 0.000000000e+00 2.775557562e-17 0.000000000e+00
2.840000000e+00 0.000000000e+00 0.000000000e+00 0.000000000e+00
2.850000000e+00 0.000000000e+00 2.775557562e-17 0.000000000e+00
2.860000000e+00 0.000000000e+00 1.387778781e-17 0.000000000e+00
2.870000000e+00 0.000000000e+00 1.387778781e-17 0.000000000e+00
2.880000000e+00 0.000000000e+00 1.387778781e-17 0.000000000e+00
2.890000000e+00  0.000000000e+00 -2.775557562e-17  0.000000000e+00
2.900000000e+00  0.000000000e+00 -4.163336342e-17  0.000000000e+00
2.910000000e+00 0.000000000e+00 1.387778781e-17 0.000000000e+00
2.920000000e+00 0.000000000e+00 1.387778781e-17 0.000000000e+00
2.930000000e+00 0.000000000e+00 2.775557562e-17 0.000000000e+00
2.940000000e+00  0.000000000e+00 -4.163336342e-17  0.000000000e+00
2.950000000e+00 0.000000000e+00 0.000000000e+00 0.000000000e+00
2.960000000e+00  0.000000000e+00 -1.387778781e-17  0.000000000e+00
2.970000000e+00  0.000000000e+00 -4.163336342e-17  0.000000000e+00
2.980000000e+00  0.000000000e+00 -8.326672685e-17  0.000000000e+00
2.990000000e+00  0.000000000e+00 -5.551115123e-17  0.000000000e+00
3.000000000e+00  0.000000000e+00 -9.714451465e-17  0.000000000e+00
3.010000000e+00  0.000000000e+00 -6.938893904e-17  0.000000000e+00
3.020000000e+00  0.000000000e+00 -4.163336342e-17  0.000000000e+00
3.030000000e+00 0.000000000e+00 0.000000000e+00 0.000000000e+00
3.040000000e+00 0.000000000e+00 0.000000000e+00 0.000000000e+00
3.050000000e+00  0.000000000e+00 -4.163336342e-17  0.000000000e+00
3.060000000e+00  0.000000000e+00 -5.551115123e-17  0.000000000e+00
3.070000000e+00  0.000000000e+00 -1.387778781e-17  0.000000000e+00
3.080000000e+00  0.000000000e+00 -6.938893904e-17  0.000000000e+00
3.090000000e+00  0.000000000e+00 -6.938893904e-17  0.000000000e+00
3.100000000e+00  0.000000000e+00 -4.163336342e-17  0.000000000e+00
3.110000000e+00  0.000000000e+00 -4.163336342e-17  0.000000000e+00
3.120000000e+00  0.000000000e+00 -5.551115123e-17  0.000000000e+00
3.130000000e+00  0.000000000e+00 -9.714451465e-17  0.000000000e+00
3.140000000e+00  0.000000000e+00 -6.938893904e-17  0.000000000e+00
3.150000000e+00  0.000000000e+00 -2.775557562e-17  0.000000000e+00
3.160000000e+00  0.000000000e+00 -6.938893904e-17  0.000000000e+00
3.170000000e+00  0.000000000e+00 -5.551115123e-17  0.000000000e+00
3.180000000e+00  0.000000000e+00 -2.775557562e-17  0.000000000e+00
3.190000000e+00  0.000000000e+00 -6.938893904e-17  0.000000000e+00
3.200000000e+00  0.000000000e+00 -6.938893904e-17  0.000000000e+00
3.210000000e+00  0.000000000e+00 -6.938893904e-17  0.000000000e+00
3.220000000e+00  0.000000000e+00 -6.938893904e-17  0.000000000e+00
3.230000000e+00  0.000000000e+00 -6.938893904e-17  0.000000000e+00
3.240000000e+00  0.000000000e+00 -2.775557562e-17  0.000000000e+00
3.250000000e+00  0.000000000e+00 -4.163336342e-17  0.000000000e+00
3.260000000e+00  0.000000000e+00 -9.714451465e-17  0.000000000e+00
3.270000000e+00  0.000000000e+00 -1.110223025e-16  0.000000000e+00
3.280000000e+00  0.000000000e+00 -1.387778781e-16  0.000000000e+00
3.290000000e+00  0.000000000e+00 -9.714451465e-17  0.000000000e+00
3.300000000e+00  0.000000000e+00 -9.714451465e-17  0.000000000e+00
3.310000000e+00  0.000000000e+00 -1.249000903e-16  0.000000000e+00
3.320000000e+00  0.000000000e+00 -1.804112415e-16  0.000000000e+00
3.330000000e+00  0.000000000e+00 -2.359223927e-16  0.000000000e+00
3.340000000e+00  0.000000000e+00 -1.942890293e-16  0.000000000e+00
3.350000000e+00  0.000000000e+00 -1.942890293e-16  0.000000000e+00
3.360000000e+00  0.000000000e+00 -2.081668171e-16  0.000000000e+00
3.370000000e+00  0.000000000e+00 -1.942890293e-16  0.000000000e+00
3.380000000e+00  0.000000000e+00 -2.498001805e-16  0.000000000e+00
3.390000000e+00  0.000000000e+00 -2.081668171e-16  0.000000000e+00
3.400000000e+00  0.000000000e+00 -2.359223927e-16  0.000000000e+00
3.410000000e+00  0.000000000e+00 -2.498001805e-16  0.000000000e+00
3.420000000e+00  0.000000000e+00 -2.914335440e-16  0.000000000e+00
3.430000000e+00  0.000000000e+00 -2.914335440e-16  0.000000000e+00
3.440000000e+00  0.000000000e+00 -2.914335440e-16  0.000000000e+00
3.450000000e+00  0.000000000e+00 -2.359223927e-16  0.000000000e+00
3.460000000e+00  0.000000000e+00 -2.359223927e-16  0.000000000e+00
3.470000000e+00  0.000000000e+00 -2.914335440e-16  0.000000000e+00
3.480000000e+00  0.000000000e+00 -2.914335440e-16  0.000000000e+00
3.490000000e+00  0.000000000e+00 -1.804112415e-16  0.000000000e+00
3.500000000e+00  0.000000000e+00 -2.775557562e-16  0.000000000e+00
3.510000000e+00  0.000000000e+00 -1.804112415e-16  0.000000000e+00
3.520000000e+00  0.000000000e+00 -2.775557562e-16  0.000000000e+00
3.530000000e+00  0.000000000e+00 -1.942890293e-16  0.000000000e+00
3.540000000e+00  0.000000000e+00 -2.775557562e-16  0.000000000e+00
3.550000000e+00  0.000000000e+00 -2.220446049e-16  0.000000000e+00
3.560000000e+00  0.000000000e+00 -2.498001805e-16  0.000000000e+00
3.570000000e+00  0.000000000e+00 -1.665334537e-16  0.000000000e+00
3.580000000e+00  0.000000000e+00 -1.942890293e-16  0.000000000e+00
3.590000000e+00  0.000000000e+00 -3.053113318e-16  0.000000000e+00
3.600000000e+00  0.000000000e+00 -1.942890293e-16  0.000000000e+00
3.610000000e+00  0.000000000e+00 -2.498001805e-16  0.000000000e+00
3.620000000e+00  0.000000000e+00 -3.330669074e-16  0.000000000e+00
3.630000000e+00  0.000000000e+00 -3.053113318e-16  0.000000000e+00
3.640000000e+00  0.000000000e+00 -2.220446049e-16  0.000000000e+00
3.650000000e+00  0.000000000e+00 -2.220446049e-16  0.000000000e+00
3.660000000e+00  0.000000000e+00 -1.387778781e-16  0.000000000e+00
3.670000000e+00  0.000000000e+00 -1.387778781e-16  0.000000000e+00
3.680000000e+00  0.000000000e+00 -2.498001805e-16  0.000000000e+00
3.690000000e+00  0.000000000e+00 -1.942890293e-16  0.000000000e+00
3.700000000e+00  0.000000000e+00 -8.326672685e-17  0.000000000e+00
3.710000000e+00  0.000000000e+00 -1.942890293e-16  0.000000000e+00
3.720000000e+00  0.000000000e+00 -1.387778781e-16  0.000000000e+00
3.730000000e+00  0.000000000e+00 -1.665334537e-16  0.000000000e+00
3.740000000e+00  0.000000000e+00 -1.110223025e-16  0.000000000e+00
3.750000000e+00  0.000000000e+00 -1.110223025e-16  0.000000000e+00
3.760000000e+00  0.000000000e+00 -1.942890293e-16  0.000000000e+00
3.770000000e+00  0.000000000e+00 -1.942890293e-16  0.000000000e+00
3.780000000e+00  0.000000000e+00 -1.110223025e-16  0.000000000e+00
3.790000000e+00  0.000000000e+00 -1.665334537e-16  0.000000000e+00
3.800000000e+00  0.000000000e+00 -5.551115123e-17  0.000000000e+00
3.810000000e+00  0.000000000e+00 -8.326672685e-17  0.000000000e+00
3.820000000e+00  0.000000000e+00 -1.942890293e-16  0.000000000e+00
3.830000000e+00  0.000000000e+00 -1.110223025e-16  0.000000000e+00
3.840000000e+00  0.000000000e+00 -1.387778781e-16  0.000000000e+00
3.850000000e+00  0.000000000e+00 -8.326672685e-17  0.000000000e+00
3.860000000e+00  0.000000000e+00 -1.665334537e-16  0.000000000e+00
3.870000000e+00  0.000000000e+00 -1.110223025e-16  0.000000000e+00
3.880000000e+00  0.000000000e+00 -8.326672685e-17  0.000000000e+00
3.890000000e+00  0.000000000e+00 -8.326672685e-17  0.000000000e+00
3.900000000e+00  0.000000000e+00 -1.387778781e-16  0.000000000e+00
3.910000000e+00  0.000000000e+00 -8.326672685e-17  0.000000000e+00
3.920000000e+00 0.000000000e+00 5.551115123e-17 0.000000000e+00
3.930000000e+00 0.000000000e+00 1.387778781e-16 0.000000000e+00
3.940000000e+00 0.000000000e+00 8.326672685e-17 0.000000000e+00
3.950000000e+00 0.000000000e+00 5.551115123e-17 0.000000000e+00
3.960000000e+00 0.000000000e+00 5.551115123e-17 0.000000000e+00
3.970000000e+00 0.000000000e+00 5.551115123e-17 0.000000000e+00
3.980000000e+00 0.000000000e+00 0.000000000e+00 0.000000000e+00
3.990000000e+00 0.000000000e+00 0.000000000e+00 0.000000000e+00
4.000000000e+00 0.000000000e+00 2.775557562e-17 0.000000000e+00
4.010000000e+00 0.000000000e+00 2.775557562e-17 0.000000000e+00
4.020000000e+00 0.000000000e+00 2.775557562e-17 0.000000000e+00
4.030000000e+00 0.000000000e+00 0.000000000e+00 0.000000000e+00
4.040000000e+00  0.000000000e+00 -8.326672685e-17  0.000000000e+00
4.050000000e+00  0.000000000e+00 -8.326672685e-17  0.000000000e+00
4.060000000e+00  0.000000000e+00 -8.326672685e-17  0.000000000e+00
4.070000000e+00  0.000000000e+00 -5.551115123e-17  0.000000000e+00
4.080000000e+00  0.000000000e+00 -1.110223025e-16  0.000000000e+00
4.090000000e+00  0.000000000e+00 -1.665334537e-16  0.000000000e+00
4.100000000e+00  0.000000000e+00 -1.110223025e-16  0.000000000e+00
4.110000000e+00  0.000000000e+00 -1.665334537e-16  0.000000000e+00
4.120000000e+00  0.000000000e+00 -1.665334537e-16  0.000000000e+00
4.130000000e+00  0.000000000e+00 -8.326672685e-17  0.000000000e+00
4.140000000e+00  0.000000000e+00 -1.665334537e-16  0.000000000e+00
4.150000000e+00  0.000000000e+00 -8.326672685e-17  0.000000000e+00
4.160000000e+00  0.000000000e+00 -1.942890293e-16  0.000000000e+00
4.170000000e+00  0.000000000e+00 -1.110223025e-16  0.000000000e+00
4.180000000e+00 0.000000000e+00 0.000000000e+00 0.000000000e+00
4.190000000e+00  0.000000000e+00 -1.665334537e-16  0.000000000e+00
4.200000000e+00  0.000000000e+00 -1.387778781e-16  0.000000000e+00
4.210000000e+00  0.000000000e+00 -1.942890293e-16  0.000000000e+00
4.220000000e+00  0.000000000e+00 -5.551115123e-17  0.000000000e+00
4.230000000e+00  0.000000000e+00 -1.665334537e-16  0.000000000e+00
4.240000000e+00  0.000000000e+00 -8.326672685e-17  0.000000000e+00
4.250000000e+00  0.000000000e+00 -1.110223025e-16  0.000000000e+00
4.260000000e+00  0.000000000e+00 -1.387778781e-16  0.000000000e+00
4.270000000e+00  0.000000000e+00 -5.551115123e-17  0.000000000e+00
4.280000000e+00  0.000000000e+00 -2.775557562e-17  0.000000000e+00
4.290000000e+00 0.000000000e+00 0.000000000e+00 0.000000000e+00
4.300000000e+00  0.000000000e+00 -5.551115123e-17  0.000000000e+00
4.310000000e+00 0.000000000e+00 8.326672685e-17 0.000000000e+00
4.320000000e+00 0.000000000e+00 5.551115123e-17 0.000000000e+00
4.330000000e+00 0.000000000e+00 2.775557562e-17 0.000000000e+00
4.340000000e+00 0.000000000e+00 0.000000000e+00 0.000000000e+00
4.350000000e+00 0.000000000e+00 1.387778781e-16 0.000000000e+00
4.360000000e+00 0.000000000e+00 5.551115123e-17 0.000000000e+00
4.370000000e+00 0.000000000e+00 1.110223025e-16 0.000000000e+00
4.380000000e+00 0.000000000e+00 1.110223025e-16 0.000000000e+00
4.390000000e+00 0.000000000e+00 2.220446049e-16 0.000000000e+00
4.400000000e+00 0.000000000e+00 2.498001805e-16 0.000000000e+00
4.410000000e+00 0.000000000e+00 2.498001805e-16 0.000000000e+00
4.420000000e+00 0.000000000e+00 2.220446049e-16 0.000000000e+00
4.430000000e+00 0.000000000e+00 1.110223025e-16 0.000000000e+00
4.440000000e+00 0.000000000e+00 2.498001805e-16 0.000000000e+00
4.450000000e+00 0.000000000e+00 1.942890293e-16 0.000000000e+00
4.460000000e+00 0.000000000e+00 2.220446049e-16 0.000000000e+00
4.470000000e+00 0.000000000e+00 2.220446049e-16 0.000000000e+00
4.480000000e+00 0.000000000e+00 2.775557562e-16 0.000000000e+00
4.490000000e+00 0.000000000e+00 3.330669074e-16 0.000000000e+00
4.500000000e+00 0.000000000e+00 1.387778781e-16 0.000000000e+00
4.510000000e+00 0.000000000e+00 2.775557562e-17 0.000000000e+00
4.520000000e+00 0.000000000e+00 1.110223025e-16 0.000000000e+00
4.530000000e+00 0.000000000e+00 1.665334537e-16 0.000000000e+00
4.540000000e+00 0.000000000e+00 1.110223025e-16 0.000000000e+00
4.550000000e+00 0.000000000e+00 1.110223025e-16 0.000000000e+00
4.560000000e+00 0.000000000e+00 2.775557562e-17 0.000000000e+00
4.570000000e+00 0.000000000e+00 2.775557562e-17 0.000000000e+00
4.580000000e+00  0.000000000e+00 -5.551115123e-17  0.000000000e+00
4.590000000e+00  0.000000000e+00 -1.387778781e-16  0.000000000e+00
4.600000000e+00  0.000000000e+00 -5.551115123e-17  0.000000000e+00
4.610000000e+00  0.000000000e+00 -1.110223025e-16  0.000000000e+00
4.620000000e+00  0.000000000e+00 -1.387778781e-16  0.000000000e+00
4.630000000e+00  0.000000000e+00 -1.387778781e-16  0.000000000e+00
4.640000000e+00  0.000000000e+00 -8.326672685e-17  0.000000000e+00
4.650000000e+00 0.000000000e+00 0.000000000e+00 0.000000000e+00
4.660000000e+00  0.000000000e+00 -5.551115123e-17  0.000000000e+00
4.670000000e+00  0.000000000e+00 -1.665334537e-16  0.000000000e+00
4.680000000e+00  0.000000000e+00 -2.498001805e-16  0.000000000e+00
4.690000000e+00  0.000000000e+00 -1.110223025e-16  0.000000000e+00
4.700000000e+00  0.000000000e+00 -8.326672685e-17  0.000000000e+00
4.710000000e+00  0.000000000e+00 -1.665334537e-16  0.000000000e+00
4.720000000e+00  0.000000000e+00 -1.387778781e-16  0.000000000e+00
4.730000000e+00  0.000000000e+00 -1.387778781e-16  0.000000000e+00
4.740000000e+00 0.000000000e+00 5.551115123e-17 0.000000000e+00
4.750000000e+00 0.000000000e+00 0.000000000e+00 0.000000000e+00
4.760000000e+00  0.000000000e+00 -8.326672685e-17  0.000000000e+00
4.770000000e+00  0.000000000e+00 -5.551115123e-17  0.000000000e+00
4.780000000e+00  0.000000000e+00 -5.551115123e-17  0.000000000e+00
4.790000000e+00  0.000000000e+00 -2.220446049e-16  0.000000000e+00
4.800000000e+00  0.000000000e+00 -3.053113318e-16  0.000000000e+00
4.810000000e+00  0.000000000e+00 -2.498001805e-16  0.000000000e+00
4.820000000e+00  0.000000000e+00 -2.775557562e-16  0.000000000e+00
4.830000000e+00  0.000000000e+00 -2.775557562e-16  0.000000000e+00
4.840000000e+00  0.000000000e+00 -3.053113318e-16  0.000000000e+00
4.850000000e+00  0.000000000e+00 -1.942890293e-16  0.000000000e+00
4.860000000e+00  0.000000000e+00 -2.775557562e-16  0.000000000e+00
4.870000000e+00  0.000000000e+00 -2.498001805e-16  0.000000000e+00
4.880000000e+00  0.000000000e+00 -1.942890293e-16  0.000000000e+00
4.890000000e+00  0.000000000e+00 -3.330669074e-16  0.000000000e+00
4.900000000e+00  0.000000000e+00 -1.110223025e-16  0.000000000e+00
4.910000000e+00  0.000000000e+00 -3.053113318e-16  0.000000000e+00
4.920000000e+00  0.000000000e+00 -2.498001805e-16  0.000000000e+00
4.930000000e+00  0.000000000e+00 -2.775557562e-16  0.000000000e+00
4.940000000e+00  0.000000000e+00 -4.718447855e-16  0.000000000e+00
4.950000000e+00  0.000000000e+00 -5.551115123e-16  0.000000000e+00
4.960000000e+00  0.000000000e+00 -4.996003611e-16  0.000000000e+00
4.970000000e+00  0.000000000e+00 -8.049116929e-16  0.000000000e+00
4.980000000e+00  0.000000000e+00 -6.938893904e-16  0.000000000e+00
4.990000000e+00  0.000000000e+00 -4.163336342e-16  0.000000000e+00
5.000000000e+00  0.000000000e+00 -6.938893904e-16  0.000000000e+00
5.010000000e+00  0.000000000e+00 -7.771561172e-16  0.000000000e+00
5.020000000e+00  0.000000000e+00 -7.771561172e-16  0.000000000e+00
5.030000000e+00  0.000000000e+00 -9.992007222e-16  0.000000000e+00
5.040000000e+00  0.000000000e+00 -1.165734176e-15  0.000000000e+00
5.050000000e+00  0.000000000e+00 -9.436895709e-16  0.000000000e+00
5.060000000e+00  0.000000000e+00 -9.436895709e-16  0.000000000e+00
5.070000000e+00  0.000000000e+00 -8.881784197e-16  0.000000000e+00
5.080000000e+00  0.000000000e+00 -9.992007222e-16  0.000000000e+00
5.090000000e+00  0.000000000e+00 -9.436895709e-16  0.000000000e+00
5.100000000e+00  0.000000000e+00 -7.771561172e-16  0.000000000e+00
5.110000000e+00  0.000000000e+00 -9.436895709e-16  0.000000000e+00
5.120000000e+00  0.000000000e+00 -9.992007222e-16  0.000000000e+00
5.130000000e+00  0.000000000e+00 -9.436895709e-16  0.000000000e+00
5.140000000e+00  0.000000000e+00 -9.992007222e-16  0.000000000e+00
5.150000000e+00  0.000000000e+00 -9.436895709e-16  0.000000000e+00
5.160000000e+00  0.000000000e+00 -8.881784197e-16  0.000000000e+00
5.170000000e+00  0.000000000e+00 -7.771561172e-16  0.000000000e+00
5.180000000e+00  0.000000000e+00 -8.881784197e-16  0.000000000e+00
5.190000000e+00  0.000000000e+00 -7.771561172e-16  0.000000000e+00
5.200000000e+00  0.000000000e+00 -6.106226635e-16  0.000000000e+00
5.210000000e+00  0.000000000e+00 -1.054711873e-15  0.000000000e+00
5.220000000e+00  0.000000000e+00 -1.054711873e-15  0.000000000e+00
5.230000000e+00  0.000000000e+00 -1.054711873e-15  0.000000000e+00
5.240000000e+00  0.000000000e+00 -9.436895709e-16  0.000000000e+00
5.250000000e+00  0.000000000e+00 -9.992007222e-16  0.000000000e+00
5.260000000e+00  0.000000000e+00 -1.054711873e-15  0.000000000e+00
5.270000000e+00  0.000000000e+00 -8.326672685e-16  0.000000000e+00
5.280000000e+00  0.000000000e+00 -9.992007222e-16  0.000000000e+00
5.290000000e+00  0.000000000e+00 -8.326672685e-16  0.000000000e+00
5.300000000e+00  0.000000000e+00 -8.326672685e-16  0.000000000e+00
5.310000000e+00  0.000000000e+00 -4.996003611e-16  0.000000000e+00
5.320000000e+00  0.000000000e+00 -7.216449660e-16  0.000000000e+00
5.330000000e+00  0.000000000e+00 -8.326672685e-16  0.000000000e+00
5.340000000e+00  0.000000000e+00 -7.216449660e-16  0.000000000e+00
5.350000000e+00  0.000000000e+00 -8.881784197e-16  0.000000000e+00
5.360000000e+00  0.000000000e+00 -9.436895709e-16  0.000000000e+00
5.370000000e+00  0.000000000e+00 -1.054711873e-15  0.000000000e+00
5.380000000e+00  0.000000000e+00 -9.436895709e-16  0.000000000e+00
5.390000000e+00  0.000000000e+00 -1.165734176e-15  0.000000000e+00
5.400000000e+00  0.000000000e+00 -1.054711873e-15  0.000000000e+00
5.410000000e+00  0.000000000e+00 -1.221245327e-15  0.000000000e+00
5.420000000e+00  0.000000000e+00 -1.054711873e-15  0.000000000e+00
5.430000000e+00  0.000000000e+00 -1.165734176e-15  0.000000000e+00
5.440000000e+00  0.000000000e+00 -1.332267630e-15  0.000000000e+00
5.450000000e+00  0.000000000e+00 -1.387778781e-15  0.000000000e+00
5.460000000e+00  0.000000000e+00 -1.276756478e-15  0.000000000e+00
5.470000000e+00  0.000000000e+00 -1.221245327e-15  0.000000000e+00
5.480000000e+00  0.000000000e+00 -1.110223025e-15  0.000000000e+00
5.490000000e+00  0.000000000e+00 -8.326672685e-16  0.000000000e+00
5.500000000e+00  0.000000000e+00 -8.326672685e-16  0.000000000e+00
5.510000000e+00  0.000000000e+00 -1.110223025e-15  0.000000000e+00
5.520000000e+00  0.000000000e+00 -9.992007222e-16  0.000000000e+00
5.530000000e+00  0.000000000e+00 -1.054711873e-15  0.000000000e+00
5.540000000e+00  0.000000000e+00 -1.054711873e-15  0.000000000e+00
5.550000000e+00  0.000000000e+00 -8.326672685e-16  0.000000000e+00
5.560000000e+00  0.000000000e+00 -7.771561172e-16  0.000000000e+00
5.570000000e+00  0.000000000e+00 -8.326672685e-16  0.000000000e+00
5.580000000e+00  0.000000000e+00 -1.221245327e-15  0.000000000e+00
5.590000000e+00  0.000000000e+00 -1.276756478e-15  0.000000000e+00
5.600000000e+00  0.000000000e+00 -7.771561172e-16  0.000000000e+00
5.610000000e+00  0.000000000e+00 -9.436895709e-16  0.000000000e+00
5.620000000e+00  0.000000000e+00 -9.436895709e-16  0.000000000e+00
5.630000000e+00  0.000000000e+00 -1.165734176e-15  0.000000000e+00
5.640000000e+00  0.000000000e+00 -1.498801083e-15  0.000000000e+00
5.650000000e+00  0.000000000e+00 -1.554312234e-15  0.000000000e+00
5.660000000e+00  0.000000000e+00 -1.554312234e-15  0.000000000e+00
5.670000000e+00  0.000000000e+00 -1.609823386e-15  0.000000000e+00
5.680000000e+00  0.000000000e+00 -1.720845688e-15  0.000000000e+00
5.690000000e+00  0.000000000e+00 -1.831867991e-15  0.000000000e+00
5.700000000e+00  0.000000000e+00 -1.665334537e-15  0.000000000e+00
5.710000000e+00  0.000000000e+00 -1.720845688e-15  0.000000000e+00
5.720000000e+00  0.000000000e+00 -1.887379142e-15  0.000000000e+00
5.730000000e+00  0.000000000e+00 -1.720845688e-15  0.000000000e+00
5.740000000e+00  0.000000000e+00 -1.942890293e-15  0.000000000e+00
5.750000000e+00  0.000000000e+00 -2.109423747e-15  0.000000000e+00
5.760000000e+00  0.000000000e+00 -2.053912596e-15  0.000000000e+00
5.770000000e+00  0.000000000e+00 -2.220446049e-15  0.000000000e+00
5.780000000e+00  0.000000000e+00 -2.331468352e-15  0.000000000e+00
5.790000000e+00  0.000000000e+00 -2.164934898e-15  0.000000000e+00
5.800000000e+00  0.000000000e+00 -2.220446049e-15  0.000000000e+00
5.810000000e+00  0.000000000e+00 -1.998401444e-15  0.000000000e+00
5.820000000e+00  0.000000000e+00 -2.109423747e-15  0.000000000e+00
5.830000000e+00  0.000000000e+00 -1.942890293e-15  0.000000000e+00
5.840000000e+00  0.000000000e+00 -1.942890293e-15  0.000000000e+00
5.850000000e+00  0.000000000e+00 -2.109423747e-15  0.000000000e+00
5.860000000e+00  0.000000000e+00 -2.164934898e-15  0.000000000e+00
5.870000000e+00  0.000000000e+00 -2.164934898e-15  0.000000000e+00
5.880000000e+00  0.000000000e+00 -2.275957200e-15  0.000000000e+00
5.890000000e+00  0.000000000e+00 -2.275957200e-15  0.000000000e+00
5.900000000e+00  0.000000000e+00 -1.942890293e-15  0.000000000e+00
5.910000000e+00  0.000000000e+00 -1.998401444e-15  0.000000000e+00
5.920000000e+00  0.000000000e+00 -2.053912596e-15  0.000000000e+00
5.930000000e+00  0.000000000e+00 -1.998401444e-15  0.000000000e+00
5.940000000e+00  0.000000000e+00 -2.109423747e-15  0.000000000e+00
5.950000000e+00  0.000000000e+00 -1.942890293e-15  0.000000000e+00
5.960000000e+00  0.000000000e+00 -2.053912596e-15  0.000000000e+00
5.970000000e+00  0.000000000e+00 -1.720845688e-15  0.000000000e+00
5.980000000e+00  0.000000000e+00 -1.942890293e-15  0.000000000e+00
5.990000000e+00  0.000000000e+00 -1.942890293e-15  0.000000000e+00
6.000000000e+00  0.000000000e+00 -2.109423747e-15  0.000000000e+00
6.010000000e+00  0.000000000e+00 -1.887379142e-15  0.000000000e+00
6.020000000e+00  0.000000000e+00 -2.109423747e-15  0.000000000e+00
6.030000000e+00  0.000000000e+00 -2.164934898e-15  0.000000000e+00
6.040000000e+00  0.000000000e+00 -1.776356839e-15  0.000000000e+00
6.050000000e+00  0.000000000e+00 -2.498001805e-15  0.000000000e+00
6.060000000e+00  0.000000000e+00 -2.053912596e-15  0.000000000e+00
6.070000000e+00  0.000000000e+00 -2.331468352e-15  0.000000000e+00
6.080000000e+00  0.000000000e+00 -2.164934898e-15  0.000000000e+00
6.090000000e+00  0.000000000e+00 -2.275957200e-15  0.000000000e+00
6.100000000e+00  0.000000000e+00 -2.498001805e-15  0.000000000e+00
6.110000000e+00  0.000000000e+00 -2.331468352e-15  0.000000000e+00
6.120000000e+00  0.000000000e+00 -2.386979503e-15  0.000000000e+00
6.130000000e+00  0.000000000e+00 -2.442490654e-15  0.000000000e+00
6.140000000e+00  0.000000000e+00 -2.275957200e-15  0.000000000e+00
6.150000000e+00  0.000000000e+00 -1.998401444e-15  0.000000000e+00
6.160000000e+00  0.000000000e+00 -2.386979503e-15  0.000000000e+00
6.170000000e+00  0.000000000e+00 -2.220446049e-15  0.000000000e+00
6.180000000e+00  0.000000000e+00 -2.386979503e-15  0.000000000e+00
6.190000000e+00  0.000000000e+00 -2.609024108e-15  0.000000000e+00
6.200000000e+00  0.000000000e+00 -2.442490654e-15  0.000000000e+00
6.210000000e+00  0.000000000e+00 -2.609024108e-15  0.000000000e+00
6.220000000e+00  0.000000000e+00 -2.220446049e-15  0.000000000e+00
6.230000000e+00  0.000000000e+00 -2.109423747e-15  0.000000000e+00
6.240000000e+00  0.000000000e+00 -2.498001805e-15  0.000000000e+00
6.250000000e+00  0.000000000e+00 -2.275957200e-15  0.000000000e+00
6.260000000e+00  0.000000000e+00 -2.498001805e-15  0.000000000e+00
6.270000000e+00  0.000000000e+00 -2.331468352e-15  0.000000000e+00
6.280000000e+00  0.000000000e+00 -2.275957200e-15  0.000000000e+00
6.290000000e+00  0.000000000e+00 -2.220446049e-15  0.000000000e+00
6.300000000e+00  0.000000000e+00 -2.220446049e-15  0.000000000e+00
6.310000000e+00  0.000000000e+00 -2.053912596e-15  0.000000000e+00
6.320000000e+00  0.000000000e+00 -2.442490654e-15  0.000000000e+00
6.330000000e+00  0.000000000e+00 -2.553512957e-15  0.000000000e+00
6.340000000e+00  0.000000000e+00 -1.998401444e-15  0.000000000e+00
6.350000000e+00  0.000000000e+00 -2.053912596e-15  0.000000000e+00
6.360000000e+00  0.000000000e+00 -1.720845688e-15  0.000000000e+00
6.370000000e+00  0.000000000e+00 -1.942890293e-15  0.000000000e+00
6.380000000e+00  0.000000000e+00 -2.331468352e-15  0.000000000e+00
6.390000000e+00  0.000000000e+00 -2.109423747e-15  0.000000000e+00
6.400000000e+00  0.000000000e+00 -2.331468352e-15  0.000000000e+00
6.410000000e+00  0.000000000e+00 -2.331468352e-15  0.000000000e+00
6.420000000e+00  0.000000000e+00 -2.220446049e-15  0.000000000e+00
6.430000000e+00  0.000000000e+00 -2.331468352e-15  0.000000000e+00
6.440000000e+00  0.000000000e+00 -2.720046410e-15  0.000000000e+00
6.450000000e+00  0.000000000e+00 -2.664535259e-15  0.000000000e+00
6.460000000e+00  0.000000000e+00 -2.275957200e-15  0.000000000e+00
6.470000000e+00  0.000000000e+00 -2.220446049e-15  0.000000000e+00
6.480000000e+00  0.000000000e+00 -2.442490654e-15  0.000000000e+00
6.490000000e+00  0.000000000e+00 -2.331468352e-15  0.000000000e+00
6.500000000e+00  0.000000000e+00 -2.331468352e-15  0.000000000e+00
6.510000000e+00  0.000000000e+00 -2.442490654e-15  0.000000000e+00
6.520000000e+00  0.000000000e+00 -2.664535259e-15  0.000000000e+00
6.530000000e+00  0.000000000e+00 -2.609024108e-15  0.000000000e+00
6.540000000e+00  0.000000000e+00 -2.442490654e-15  0.000000000e+00
6.550000000e+00  0.000000000e+00 -1.998401444e-15  0.000000000e+00
6.560000000e+00  0.000000000e+00 -2.331468352e-15  0.000000000e+00
6.570000000e+00  0.000000000e+00 -2.331468352e-15  0.000000000e+00
6.580000000e+00  0.000000000e+00 -2.331468352e-15  0.000000000e+00
6.590000000e+00  0.000000000e+00 -2.053912596e-15  0.000000000e+00
6.600000000e+00  0.000000000e+00 -2.109423747e-15  0.000000000e+00
6.610000000e+00  0.000000000e+00 -2.442490654e-15  0.000000000e+00
6.620000000e+00  0.000000000e+00 -2.442490654e-15  0.000000000e+00
6.630000000e+00  0.000000000e+00 -2.275957200e-15  0.000000000e+00
6.640000000e+00  0.000000000e+00 -2.275957200e-15  0.000000000e+00
6.650000000e+00  0.000000000e+00 -2.109423747e-15  0.000000000e+00
6.660000000e+00  0.000000000e+00 -2.553512957e-15  0.000000000e+00
6.670000000e+00  0.000000000e+00 -2.053912596e-15  0.000000000e+00
6.680000000e+00  0.000000000e+00 -2.164934898e-15  0.000000000e+00
6.690000000e+00  0.000000000e+00 -2.220446049e-15  0.000000000e+00
6.700000000e+00  0.000000000e+00 -2.442490654e-15  0.000000000e+00
6.710000000e+00  0.000000000e+00 -1.887379142e-15  0.000000000e+00
6.720000000e+00  0.000000000e+00 -2.275957200e-15  0.000000000e+00
6.730000000e+00  0.000000000e+00 -2.275957200e-15  0.000000000e+00
6.740000000e+00  0.000000000e+00 -2.164934898e-15  0.000000000e+00
6.750000000e+00  0.000000000e+00 -2.942091015e-15  0.000000000e+00
6.760000000e+00  0.000000000e+00 -2.442490654e-15  0.000000000e+00
6.770000000e+00  0.000000000e+00 -2.498001805e-15  0.000000000e+00
6.780000000e+00  0.000000000e+00 -2.220446049e-15  0.000000000e+00
6.790000000e+00  0.000000000e+00 -2.442490654e-15  0.000000000e+00
6.800000000e+00  0.000000000e+00 -2.442490654e-15  0.000000000e+00
6.810000000e+00  0.000000000e+00 -2.609024108e-15  0.000000000e+00
6.820000000e+00  0.000000000e+00 -2.831068713e-15  0.000000000e+00
6.830000000e+00  0.000000000e+00 -2.386979503e-15  0.000000000e+00
6.840000000e+00  0.000000000e+00 -2.831068713e-15  0.000000000e+00
6.850000000e+00  0.000000000e+00 -2.831068713e-15  0.000000000e+00
6.860000000e+00  0.000000000e+00 -2.609024108e-15  0.000000000e+00
6.870000000e+00  0.000000000e+00 -2.553512957e-15  0.000000000e+00
6.880000000e+00  0.000000000e+00 -2.720046410e-15  0.000000000e+00
6.890000000e+00  0.000000000e+00 -3.053113318e-15  0.000000000e+00
6.900000000e+00  0.000000000e+00 -2.775557562e-15  0.000000000e+00
6.910000000e+00  0.000000000e+00 -3.219646771e-15  0.000000000e+00
6.920000000e+00  0.000000000e+00 -2.664535259e-15  0.000000000e+00
6.930000000e+00  0.000000000e+00 -3.108624469e-15  0.000000000e+00
6.940000000e+00  0.000000000e+00 -3.330669074e-15  0.000000000e+00
6.950000000e+00  0.000000000e+00 -3.164135620e-15  0.000000000e+00
6.960000000e+00  0.000000000e+00 -2.720046410e-15  0.000000000e+00
6.970000000e+00  0.000000000e+00 -3.053113318e-15  0.000000000e+00
6.980000000e+00  0.000000000e+00 -2.331468352e-15  0.000000000e+00
6.990000000e+00  0.000000000e+00 -3.497202528e-15  0.000000000e+00
7.000000000e+00  0.000000000e+00 -3.441691376e-15  0.000000000e+00
7.010000000e+00  0.000000000e+00 -3.441691376e-15  0.000000000e+00
7.020000000e+00  0.000000000e+00 -3.108624469e-15  0.000000000e+00
7.030000000e+00  0.000000000e+00 -3.497202528e-15  0.000000000e+00
7.040000000e+00  0.000000000e+00 -3.330669074e-15  0.000000000e+00
7.050000000e+00  0.000000000e+00 -3.663735981e-15  0.000000000e+00
7.060000000e+00  0.000000000e+00 -3.330669074e-15  0.000000000e+00
7.070000000e+00  0.000000000e+00 -3.552713679e-15  0.000000000e+00
7.080000000e+00  0.000000000e+00 -3.497202528e-15  0.000000000e+00
7.090000000e+00  0.000000000e+00 -3.497202528e-15  0.000000000e+00
7.100000000e+00  0.000000000e+00 -3.719247132e-15  0.000000000e+00
7.110000000e+00  0.000000000e+00 -3.441691376e-15  0.000000000e+00
7.120000000e+00  0.000000000e+00 -3.830269435e-15  0.000000000e+00
7.130000000e+00  0.000000000e+00 -3.497202528e-15  0.000000000e+00
7.140000000e+00  0.000000000e+00 -4.274358645e-15  0.000000000e+00
7.150000000e+00  0.000000000e+00 -4.718447855e-15  0.000000000e+00
7.160000000e+00  0.000000000e+00 -4.052314040e-15  0.000000000e+00
7.170000000e+00  0.000000000e+00 -4.551914401e-15  0.000000000e+00
7.180000000e+00  0.000000000e+00 -3.830269435e-15  0.000000000e+00
7.190000000e+00  0.000000000e+00 -3.830269435e-15  0.000000000e+00
7.200000000e+00  0.000000000e+00 -3.386180225e-15  0.000000000e+00
7.210000000e+00  0.000000000e+00 -3.941291737e-15  0.000000000e+00
7.220000000e+00  0.000000000e+00 -3.552713679e-15  0.000000000e+00
7.230000000e+00  0.000000000e+00 -3.441691376e-15  0.000000000e+00
7.240000000e+00  0.000000000e+00 -4.107825191e-15  0.000000000e+00
7.250000000e+00  0.000000000e+00 -4.107825191e-15  0.000000000e+00
7.260000000e+00  0.000000000e+00 -3.774758284e-15  0.000000000e+00
7.270000000e+00  0.000000000e+00 -3.552713679e-15  0.000000000e+00
7.280000000e+00  0.000000000e+00 -3.330669074e-15  0.000000000e+00
7.290000000e+00  0.000000000e+00 -3.330669074e-15  0.000000000e+00
7.300000000e+00  0.000000000e+00 -4.052314040e-15  0.000000000e+00
7.310000000e+00  0.000000000e+00 -3.497202528e-15  0.000000000e+00
7.320000000e+00  0.000000000e+00 -3.164135620e-15  0.000000000e+00
7.330000000e+00  0.000000000e+00 -4.052314040e-15  0.000000000e+00
7.340000000e+00  0.000000000e+00 -3.719247132e-15  0.000000000e+00
7.350000000e+00  0.000000000e+00 -3.497202528e-15  0.000000000e+00
7.360000000e+00  0.000000000e+00 -4.163336342e-15  0.000000000e+00
7.370000000e+00  0.000000000e+00 -3.552713679e-15  0.000000000e+00
7.380000000e+00  0.000000000e+00 -3.441691376e-15  0.000000000e+00
7.390000000e+00  0.000000000e+00 -3.386180225e-15  0.000000000e+00
7.400000000e+00  0.000000000e+00 -2.775557562e-15  0.000000000e+00
7.410000000e+00  0.000000000e+00 -3.164135620e-15  0.000000000e+00
7.420000000e+00  0.000000000e+00 -3.774758284e-15  0.000000000e+00
7.430000000e+00  0.000000000e+00 -3.164135620e-15  0.000000000e+00
7.440000000e+00  0.000000000e+00 -3.663735981e-15  0.000000000e+00
7.450000000e+00  0.000000000e+00 -3.830269435e-15  0.000000000e+00
7.460000000e+00  0.000000000e+00 -3.386180225e-15  0.000000000e+00
7.470000000e+00  0.000000000e+00 -3.219646771e-15  0.000000000e+00
7.480000000e+00  0.000000000e+00 -2.831068713e-15  0.000000000e+00
7.490000000e+00  0.000000000e+00 -3.275157923e-15  0.000000000e+00
7.500000000e+00  0.000000000e+00 -3.164135620e-15  0.000000000e+00
7.510000000e+00  0.000000000e+00 -3.164135620e-15  0.000000000e+00
7.520000000e+00  0.000000000e+00 -3.497202528e-15  0.000000000e+00
7.530000000e+00  0.000000000e+00 -3.053113318e-15  0.000000000e+00
7.540000000e+00  0.000000000e+00 -3.885780586e-15  0.000000000e+00
7.550000000e+00  0.000000000e+00 -3.164135620e-15  0.000000000e+00
7.560000000e+00  0.000000000e+00 -3.663735981e-15  0.000000000e+00
7.570000000e+00  0.000000000e+00 -4.218847494e-15  0.000000000e+00
7.580000000e+00  0.000000000e+00 -3.663735981e-15  0.000000000e+00
7.590000000e+00  0.000000000e+00 -3.497202528e-15  0.000000000e+00
7.600000000e+00  0.000000000e+00 -2.997602166e-15  0.000000000e+00
7.610000000e+00  0.000000000e+00 -3.830269435e-15  0.000000000e+00
7.620000000e+00  0.000000000e+00 -3.386180225e-15  0.000000000e+00
7.630000000e+00  0.000000000e+00 -3.275157923e-15  0.000000000e+00
7.640000000e+00  0.000000000e+00 -3.996802889e-15  0.000000000e+00
7.650000000e+00  0.000000000e+00 -3.386180225e-15  0.000000000e+00
7.660000000e+00  0.000000000e+00 -3.608224830e-15  0.000000000e+00
7.670000000e+00  0.000000000e+00 -3.663735981e-15  0.000000000e+00
7.680000000e+00  0.000000000e+00 -3.663735981e-15  0.000000000e+00
7.690000000e+00  0.000000000e+00 -3.275157923e-15  0.000000000e+00
7.700000000e+00  0.000000000e+00 -3.275157923e-15  0.000000000e+00
7.710000000e+00  0.000000000e+00 -3.497202528e-15  0.000000000e+00
7.720000000e+00  0.000000000e+00 -3.719247132e-15  0.000000000e+00
7.730000000e+00  0.000000000e+00 -3.885780586e-15  0.000000000e+00
7.740000000e+00  0.000000000e+00 -3.552713679e-15  0.000000000e+00
7.750000000e+00  0.000000000e+00 -3.164135620e-15  0.000000000e+00
7.760000000e+00  0.000000000e+00 -3.108624469e-15  0.000000000e+00
7.770000000e+00  0.000000000e+00 -3.497202528e-15  0.000000000e+00
7.780000000e+00  0.000000000e+00 -3.386180225e-15  0.000000000e+00
7.790000000e+00  0.000000000e+00 -3.719247132e-15  0.000000000e+00
7.800000000e+00  0.000000000e+00 -4.496403250e-15  0.000000000e+00
7.810000000e+00  0.000000000e+00 -3.885780586e-15  0.000000000e+00
7.820000000e+00  0.000000000e+00 -3.830269435e-15  0.000000000e+00
7.830000000e+00  0.000000000e+00 -3.497202528e-15  0.000000000e+00
7.840000000e+00  0.000000000e+00 -3.108624469e-15  0.000000000e+00
7.850000000e+00  0.000000000e+00 -3.830269435e-15  0.000000000e+00
7.860000000e+00  0.000000000e+00 -3.552713679e-15  0.000000000e+00
7.870000000e+00  0.000000000e+00 -3.219646771e-15  0.000000000e+00
7.880000000e+00  0.000000000e+00 -3.219646771e-15  0.000000000e+00
7.890000000e+00  0.000000000e+00 -3.663735981e-15  0.000000000e+00
7.900000000e+00  0.000000000e+00 -3.108624469e-15  0.000000000e+00
7.910000000e+00  0.000000000e+00 -3.441691376e-15  0.000000000e+00
7.920000000e+00  0.000000000e+00 -2.942091015e-15  0.000000000e+00
7.930000000e+00  0.000000000e+00 -3.497202528e-15  0.000000000e+00
7.940000000e+00  0.000000000e+00 -3.275157923e-15  0.000000000e+00
7.950000000e+00  0.000000000e+00 -2.498001805e-15  0.000000000e+00
7.960000000e+00  0.000000000e+00 -2.886579864e-15  0.000000000e+00
7.970000000e+00  0.000000000e+00 -3.275157923e-15  0.000000000e+00
7.980000000e+00  0.000000000e+00 -3.108624469e-15  0.000000000e+00
7.990000000e+00  0.000000000e+00 -3.663735981e-15  0.000000000e+00
8.000000000e+00  0.000000000e+00 -2.886579864e-15  0.000000000e+00
8.010000000e+00  0.000000000e+00 -2.220446049e-15  0.000000000e+00
8.020000000e+00  0.000000000e+00 -2.331468352e-15  0.000000000e+00
8.030000000e+00  0.000000000e+00 -2.997602166e-15  0.000000000e+00
8.040000000e+00  0.000000000e+00 -2.886579864e-15  0.000000000e+00
8.050000000e+00  0.000000000e+00 -2.942091015e-15  0.000000000e+00
8.060000000e+00  0.000000000e+00 -2.886579864e-15  0.000000000e+00
8.070000000e+00  0.000000000e+00 -2.997602166e-15  0.000000000e+00
8.080000000e+00  0.000000000e+00 -2.997602166e-15  0.000000000e+00
8.090000000e+00  0.000000000e+00 -2.386979503e-15  0.000000000e+00
8.100000000e+00  0.000000000e+00 -2.664535259e-15  0.000000000e+00
8.110000000e+00  0.000000000e+00 -2.942091015e-15  0.000000000e+00
8.120000000e+00  0.000000000e+00 -2.886579864e-15  0.000000000e+00
8.130000000e+00  0.000000000e+00 -2.775557562e-15  0.000000000e+00
8.140000000e+00  0.000000000e+00 -3.053113318e-15  0.000000000e+00
8.150000000e+00  0.000000000e+00 -2.609024108e-15  0.000000000e+00
8.160000000e+00  0.000000000e+00 -3.275157923e-15  0.000000000e+00
8.170000000e+00  0.000000000e+00 -3.552713679e-15  0.000000000e+00
8.180000000e+00  0.000000000e+00 -3.330669074e-15  0.000000000e+00
8.190000000e+00  0.000000000e+00 -3.275157923e-15  0.000000000e+00
8.200000000e+00  0.000000000e+00 -2.664535259e-15  0.000000000e+00
8.210000000e+00  0.000000000e+00 -3.386180225e-15  0.000000000e+00
8.220000000e+00  0.000000000e+00 -3.275157923e-15  0.000000000e+00
8.230000000e+00  0.000000000e+00 -3.608224830e-15  0.000000000e+00
8.240000000e+00  0.000000000e+00 -3.053113318e-15  0.000000000e+00
8.250000000e+00  0.000000000e+00 -2.775557562e-15  0.000000000e+00
8.260000000e+00  0.000000000e+00 -2.386979503e-15  0.000000000e+00
8.270000000e+00  0.000000000e+00 -2.331468352e-15  0.000000000e+00
8.280000000e+00  0.000000000e+00 -2.997602166e-15  0.000000000e+00
8.290000000e+00  0.000000000e+00 -2.886579864e-15  0.000000000e+00
8.300000000e+00  0.000000000e+00 -2.720046410e-15  0.000000000e+00
8.310000000e+00  0.000000000e+00 -2.553512957e-15  0.000000000e+00
8.320000000e+00  0.000000000e+00 -3.497202528e-15  0.000000000e+00
8.330000000e+00  0.000000000e+00 -3.275157923e-15  0.000000000e+00
8.340000000e+00  0.000000000e+00 -2.775557562e-15  0.000000000e+00
8.350000000e+00  0.000000000e+00 -3.275157923e-15  0.000000000e+00
8.360000000e+00  0.000000000e+00 -1.387778781e-15  0.000000000e+00
8.370000000e+00  0.000000000e+00 -3.164135620e-15  0.000000000e+00
8.380000000e+00  0.000000000e+00 -3.552713679e-15  0.000000000e+00
8.390000000e+00  0.000000000e+00 -2.553512957e-15  0.000000000e+00
8.400000000e+00  0.000000000e+00 -2.831068713e-15  0.000000000e+00
8.410000000e+00  0.000000000e+00 -2.386979503e-15  0.000000000e+00
8.420000000e+00  0.000000000e+00 -3.552713679e-15  0.000000000e+00
8.430000000e+00  0.000000000e+00 -2.886579864e-15  0.000000000e+00
8.440000000e+00  0.000000000e+00 -2.720046410e-15  0.000000000e+00
8.450000000e+00  0.000000000e+00 -3.164135620e-15  0.000000000e+00
8.460000000e+00  0.000000000e+00 -3.275157923e-15  0.000000000e+00
8.470000000e+00  0.000000000e+00 -2.720046410e-15  0.000000000e+00
8.480000000e+00  0.000000000e+00 -3.219646771e-15  0.000000000e+00
8.490000000e+00  0.000000000e+00 -3.497202528e-15  0.000000000e+00
8.500000000e+00  0.000000000e+00 -3.663735981e-15  0.000000000e+00
8.510000000e+00  0.000000000e+00 -3.053113318e-15  0.000000000e+00
8.520000000e+00  0.000000000e+00 -3.330669074e-15  0.000000000e+00
8.530000000e+00  0.000000000e+00 -2.942091015e-15  0.000000000e+00
8.540000000e+00  0.000000000e+00 -4.329869796e-15  0.000000000e+00
8.550000000e+00  0.000000000e+00 -3.719247132e-15  0.000000000e+00
8.560000000e+00  0.000000000e+00 -3.497202528e-15  0.000000000e+00
8.570000000e+00  0.000000000e+00 -3.275157923e-15  0.000000000e+00
8.580000000e+00  0.000000000e+00 -2.886579864e-15  0.000000000e+00
8.590000000e+00  0.000000000e+00 -3.164135620e-15  0.000000000e+00
8.600000000e+00  0.000000000e+00 -3.830269435e-15  0.000000000e+00
8.610000000e+00  0.000000000e+00 -4.163336342e-15  0.000000000e+00
8.620000000e+00  0.000000000e+00 -3.552713679e-15  0.000000000e+00
8.630000000e+00  0.000000000e+00 -3.441691376e-15  0.000000000e+00
8.640000000e+00  0.000000000e+00 -3.386180225e-15  0.000000000e+00
8.650000000e+00  0.000000000e+00 -3.996802889e-15  0.000000000e+00
8.660000000e+00  0.000000000e+00 -2.831068713e-15  0.000000000e+00
8.670000000e+00  0.000000000e+00 -2.831068713e-15  0.000000000e+00
8.680000000e+00  0.000000000e+00 -3.941291737e-15  0.000000000e+00
8.690000000e+00  0.000000000e+00 -3.774758284e-15  0.000000000e+00
8.700000000e+00  0.000000000e+00 -3.386180225e-15  0.000000000e+00
8.710000000e+00  0.000000000e+00 -2.664535259e-15  0.000000000e+00
8.720000000e+00  0.000000000e+00 -4.163336342e-15  0.000000000e+00
8.730000000e+00  0.000000000e+00 -3.830269435e-15  0.000000000e+00
8.740000000e+00  0.000000000e+00 -3.108624469e-15  0.000000000e+00
8.750000000e+00  0.000000000e+00 -4.052314040e-15  0.000000000e+00
8.760000000e+00  0.000000000e+00 -4.274358645e-15  0.000000000e+00
8.770000000e+00  0.000000000e+00 -4.662936703e-15  0.000000000e+00
8.780000000e+00  0.000000000e+00 -3.608224830e-15  0.000000000e+00
8.790000000e+00  0.000000000e+00 -4.496403250e-15  0.000000000e+00
8.800000000e+00  0.000000000e+00 -4.107825191e-15  0.000000000e+00
8.810000000e+00  0.000000000e+00 -3.996802889e-15  0.000000000e+00
8.820000000e+00  0.000000000e+00 -3.219646771e-15  0.000000000e+00
8.830000000e+00  0.000000000e+00 -3.386180225e-15  0.000000000e+00
8.840000000e+00  0.000000000e+00 -3.330669074e-15  0.000000000e+00
8.850000000e+00  0.000000000e+00 -4.607425552e-15  0.000000000e+00
8.860000000e+00  0.000000000e+00 -4.385380947e-15  0.000000000e+00
8.870000000e+00  0.000000000e+00 -4.274358645e-15  0.000000000e+00
8.880000000e+00  0.000000000e+00 -3.885780586e-15  0.000000000e+00
8.890000000e+00  0.000000000e+00 -3.830269435e-15  0.000000000e+00
8.900000000e+00  0.000000000e+00 -4.996003611e-15  0.000000000e+00
8.910000000e+00  0.000000000e+00 -3.885780586e-15  0.000000000e+00
8.920000000e+00  0.000000000e+00 -4.385380947e-15  0.000000000e+00
8.930000000e+00  0.000000000e+00 -3.497202528e-15  0.000000000e+00
8.940000000e+00  0.000000000e+00 -4.163336342e-15  0.000000000e+00
8.950000000e+00  0.000000000e+00 -4.274358645e-15  0.000000000e+00
8.960000000e+00  0.000000000e+00 -3.719247132e-15  0.000000000e+00
8.970000000e+00  0.000000000e+00 -2.942091015e-15  0.000000000e+00
8.980000000e+00  0.000000000e+00 -3.108624469e-15  0.000000000e+00
8.990000000e+00  0.000000000e+00 -3.941291737e-15  0.000000000e+00
9.000000000e+00  0.000000000e+00 -3.774758284e-15  0.000000000e+00
9.010000000e+00  0.000000000e+00 -2.498001805e-15  0.000000000e+00
9.020000000e+00  0.000000000e+00 -3.941291737e-15  0.000000000e+00
9.030000000e+00  0.000000000e+00 -4.163336342e-15  0.000000000e+00
9.040000000e+00  0.000000000e+00 -4.052314040e-15  0.000000000e+00
9.050000000e+00  0.000000000e+00 -2.553512957e-15  0.000000000e+00
9.060000000e+00  0.000000000e+00 -2.553512957e-15  0.000000000e+00
9.070000000e+00  0.000000000e+00 -2.942091015e-15  0.000000000e+00
9.080000000e+00  0.000000000e+00 -3.830269435e-15  0.000000000e+00
9.090000000e+00  0.000000000e+00 -2.942091015e-15  0.000000000e+00
9.100000000e+00  0.000000000e+00 -2.053912596e-15  0.000000000e+00
9.110000000e+00  0.000000000e+00 -3.164135620e-15  0.000000000e+00
9.120000000e+00  0.000000000e+00 -3.941291737e-15  0.000000000e+00
9.130000000e+00  0.000000000e+00 -3.330669074e-15  0.000000000e+00
9.140000000e+00  0.000000000e+00 -2.942091015e-15  0.000000000e+00
9.150000000e+00  0.000000000e+00 -4.884981308e-15  0.000000000e+00
9.160000000e+00  0.000000000e+00 -3.053113318e-15  0.000000000e+00
9.170000000e+00  0.000000000e+00 -2.831068713e-15  0.000000000e+00
9.180000000e+00  0.000000000e+00 -2.720046410e-15  0.000000000e+00
9.190000000e+00  0.000000000e+00 -2.498001805e-15  0.000000000e+00
9.200000000e+00  0.000000000e+00 -2.609024108e-15  0.000000000e+00
9.210000000e+00  0.000000000e+00 -1.831867991e-15  0.000000000e+00
9.220000000e+00  0.000000000e+00 -2.720046410e-15  0.000000000e+00
9.230000000e+00  0.000000000e+00 -1.554312234e-15  0.000000000e+00
9.240000000e+00  0.000000000e+00 -2.553512957e-15  0.000000000e+00
9.250000000e+00  0.000000000e+00 -2.664535259e-15  0.000000000e+00
9.260000000e+00  0.000000000e+00 -3.053113318e-15  0.000000000e+00
9.270000000e+00  0.000000000e+00 -1.998401444e-15  0.000000000e+00
9.280000000e+00  0.000000000e+00 -2.331468352e-15  0.000000000e+00
9.290000000e+00  0.000000000e+00 -1.332267630e-15  0.000000000e+00
9.300000000e+00  0.000000000e+00 -2.831068713e-15  0.000000000e+00
9.310000000e+00  0.000000000e+00 -9.992007222e-16  0.000000000e+00
9.320000000e+00  0.000000000e+00 -2.942091015e-15  0.000000000e+00
9.330000000e+00  0.000000000e+00 -3.552713679e-15  0.000000000e+00
9.340000000e+00  0.000000000e+00 -3.275157923e-15  0.000000000e+00
9.350000000e+00  0.000000000e+00 -3.108624469e-15  0.000000000e+00
9.360000000e+00  0.000000000e+00 -2.386979503e-15  0.000000000e+00
9.370000000e+00  0.000000000e+00 -3.164135620e-15  0.000000000e+00
9.380000000e+00  0.000000000e+00 -2.331468352e-15  0.000000000e+00
9.390000000e+00  0.000000000e+00 -3.108624469e-15  0.000000000e+00
9.400000000e+00  0.000000000e+00 -2.609024108e-15  0.000000000e+00
9.410000000e+00  0.000000000e+00 -3.552713679e-15  0.000000000e+00
9.420000000e+00  0.000000000e+00 -1.609823386e-15  0.000000000e+00
9.430000000e+00  0.000000000e+00 -4.052314040e-15  0.000000000e+00
9.440000000e+00  0.000000000e+00 -2.775557562e-15  0.000000000e+00
9.450000000e+00  0.000000000e+00 -1.221245327e-15  0.000000000e+00
9.460000000e+00  0.000000000e+00 -3.830269435e-15  0.000000000e+00
9.470000000e+00  0.000000000e+00 -2.775557562e-15  0.000000000e+00
9.480000000e+00  0.000000000e+00 -2.442490654e-15  0.000000000e+00
9.490000000e+00  0.000000000e+00 -2.275957200e-15  0.000000000e+00
9.500000000e+00  0.000000000e+00 -2.275957200e-15  0.000000000e+00
9.510000000e+00  0.000000000e+00 -2.275957200e-15  0.000000000e+00
9.520000000e+00  0.000000000e+00 -3.108624469e-15  0.000000000e+00
9.530000000e+00  0.000000000e+00 -3.275157923e-15  0.000000000e+00
9.540000000e+00  0.000000000e+00 -1.776356839e-15  0.000000000e+00
9.550000000e+00  0.000000000e+00 -2.498001805e-15  0.000000000e+00
9.560000000e+00  0.000000000e+00 -7.771561172e-16  0.000000000e+00
9.570000000e+00  0.000000000e+00 -1.609823386e-15  0.000000000e+00
9.580000000e+00  0.000000000e+00 -1.554312234e-15  0.000000000e+00
9.590000000e+00  0.000000000e+00 -1.776356839e-15  0.000000000e+00
9.600000000e+00  0.000000000e+00 -1.332267630e-15  0.000000000e+00
9.610000000e+00  0.000000000e+00 -4.440892099e-16  0.000000000e+00
9.620000000e+00  0.000000000e+00 -1.609823386e-15  0.000000000e+00
9.630000000e+00  0.000000000e+00 -1.443289932e-15  0.000000000e+00
9.640000000e+00  0.000000000e+00 -1.387778781e-15  0.000000000e+00
9.650000000e+00  0.000000000e+00 -1.609823386e-15  0.000000000e+00
9.660000000e+00  0.000000000e+00 -2.109423747e-15  0.000000000e+00
9.670000000e+00  0.000000000e+00 -1.998401444e-15  0.000000000e+00
9.680000000e+00  0.000000000e+00 -2.109423747e-15  0.000000000e+00
9.690000000e+00  0.000000000e+00 -1.665334537e-15  0.000000000e+00
9.700000000e+00  0.000000000e+00 -2.442490654e-15  0.000000000e+00
9.710000000e+00  0.000000000e+00 -2.664535259e-15  0.000000000e+00
9.720000000e+00  0.000000000e+00 -2.831068713e-15  0.000000000e+00
9.730000000e+00  0.000000000e+00 -9.992007222e-16  0.000000000e+00
9.740000000e+00  0.000000000e+00 -2.164934898e-15  0.000000000e+00
9.750000000e+00  0.000000000e+00 -1.276756478e-15  0.000000000e+00
9.760000000e+00  0.000000000e+00 -2.331468352e-15  0.000000000e+00
9.770000000e+00  0.000000000e+00 -3.830269435e-15  0.000000000e+00
9.780000000e+00  0.000000000e+00 -2.775557562e-15  0.000000000e+00
9.790000000e+00  0.000000000e+00 -2.053912596e-15  0.000000000e+00
9.800000000e+00  0.000000000e+00 -1.221245327e-15  0.000000000e+00
9.810000000e+00  0.000000000e+00 -2.553512957e-15  0.000000000e+00
9.820000000e+00  0.000000000e+00 -3.108624469e-15  0.000000000e+00
9.830000000e+00  0.000000000e+00 -6.106226635e-16  0.000000000e+00
9.840000000e+00  0.000000000e+00 -1.887379142e-15  0.000000000e+00
9.850000000e+00  0.000000000e+00 -2.275957200e-15  0.000000000e+00
9.860000000e+00  0.000000000e+00 -1.554312234e-15  0.000000000e+00
9.870000000e+00  0.000000000e+00 -5.551115123e-17  0.000000000e+00
9.880000000e+00  0.000000000e+00 -1.831867991e-15  0.000000000e+00
9.890000000e+00  0.000000000e+00 -1.221245327e-15  0.000000000e+00
9.900000000e+00  0.000000000e+00 -1.831867991e-15  0.000000000e+00
9.910000000e+00  0.000000000e+00 -2.275957200e-15  0.000000000e+00
9.920000000e+00  0.000000000e+00 -1.443289932e-15  0.000000000e+00
9.930000000e+00  0.000000000e+00 -2.442490654e-15  0.000000000e+00
9.940000000e+00  0.000000000e+00 -3.663735981e-15  0.000000000e+00
9.950000000e+00  0.000000000e+00 -3.330669074e-16  0.000000000e+00
9.960000000e+00  0.000000000e+00 -2.442490654e-15  0.000000000e+00
9.970000000e+00  0.000000000e+00 -2.331468352e-15  0.000000000e+00
9.980000000e+00  0.000000000e+00 -5.551115123e-17  0.000000000e+00
9.990000000e+00  0.000000000e+00 -5.551115123e-16  0.000000000e+00
1.000000000e+01  0.000000000e+00 -2.109423747e-15  0.000000000e+00
