0.000000000e+00 0.000000000e+00 0.000000000e+00 0.000000000e+00
1.000000000e-02 -3.630076274e-10  0.000000000e+00 -8.031889043e-11
2.000000000e-02 -2.899703547e-09  0.000000000e+00 -6.415871723e-10
3.000000000e-02 -9.771805083e-09  0.000000000e+00 -2.162104967e-09
4.000000000e-02 -2.312799423e-08  0.000000000e+00 -5.117286678e-09
5.000000000e-02 -4.510394408e-08  0.000000000e+00 -9.979665455e-09
6.000000000e-02 -7.782234537e-08  0.000000000e+00 -1.721889639e-08
7.000000000e-02 -1.233929331e-07  0.000000000e+00 -2.730175955e-08
8.000000000e-02 -1.839125134e-07  0.000000000e+00 -4.069216231e-08
9.000000000e-02 -2.614649899e-07  0.000000000e+00 -5.785114118e-08
1.000000000e-01 -3.581213912e-07  0.000000000e+00 -7.923686299e-08
1.100000000e-01 -4.759398975e-07  0.000000000e+00 -1.053046254e-07
1.200000000e-01 -6.169658679e-07  0.000000000e+00 -1.365068570e-07
1.300000000e-01 -7.832318674e-07  0.000000000e+00 -1.732931170e-07
1.400000000e-01 -9.767576940e-07  0.000000000e+00 -2.161100940e-07
1.500000000e-01 -1.199550406e-06  0.000000000e+00 -2.654016048e-07
1.600000000e-01 -1.453604352e-06  0.000000000e+00 -3.216085923e-07
1.700000000e-01 -1.740901191e-06  0.000000000e+00 -3.851691229e-07
1.800000000e-01 -2.063409930e-06  0.000000000e+00 -4.565183838e-07
1.900000000e-01 -2.423086945e-06  0.000000000e+00 -5.360886794e-07
2.000000000e-01 -2.821876008e-06  0.000000000e+00 -6.243094278e-07
2.100000000e-01 -3.261708321e-06  0.000000000e+00 -7.216071559e-07
2.200000000e-01 -3.744502536e-06  0.000000000e+00 -8.284054955e-07
2.300000000e-01 -4.272164790e-06  0.000000000e+00 -9.451251776e-07
2.400000000e-01 -4.846588728e-06  0.000000000e+00 -1.072184027e-06
2.500000000e-01 -5.469655533e-06  0.000000000e+00 -1.209996957e-06
2.600000000e-01 -6.143233955e-06  0.000000000e+00 -1.358975962e-06
2.700000000e-01 -6.869180335e-06  0.000000000e+00 -1.519530111e-06
2.800000000e-01 -7.649338641e-06  0.000000000e+00 -1.692065543e-06
2.900000000e-01 -8.485540486e-06  0.000000000e+00 -1.876985457e-06
3.000000000e-01 -9.379605166e-06  0.000000000e+00 -2.074690103e-06
3.100000000e-01 -1.033333968e-05  0.000000000e+00 -2.285576779e-06
3.200000000e-01 -1.134853877e-05  0.000000000e+00 -2.510039819e-06
3.300000000e-01 -1.242698494e-05  0.000000000e+00 -2.748470584e-06
3.400000000e-01 -1.357044847e-05  0.000000000e+00 -3.001257455e-06
3.500000000e-01 -1.478068748e-05  0.000000000e+00 -3.268785823e-06
3.600000000e-01 -1.605944794e-05  0.000000000e+00 -3.551438081e-06
3.700000000e-01 -1.740846369e-05  0.000000000e+00 -3.849593611e-06
3.800000000e-01 -1.882945647e-05  0.000000000e+00 -4.163628777e-06
3.900000000e-01 -2.032413597e-05  0.000000000e+00 -4.493916914e-06
4.000000000e-01 -2.189419984e-05  0.000000000e+00 -4.840828315e-06
4.100000000e-01 -2.354133372e-05  0.000000000e+00 -5.204730227e-06
4.200000000e-01 -2.526721128e-05  0.000000000e+00 -5.585986832e-06
4.300000000e-01 -2.707349422e-05  0.000000000e+00 -5.984959241e-06
4.400000000e-01 -2.896183234e-05  0.000000000e+00 -6.402005482e-06
4.500000000e-01 -3.093386355e-05  0.000000000e+00 -6.837480487e-06
4.600000000e-01 -3.299121387e-05  0.000000000e+00 -7.291736082e-06
4.700000000e-01 -3.513549751e-05  0.000000000e+00 -7.765120975e-06
4.800000000e-01 -3.736831688e-05  0.000000000e+00 -8.257980742e-06
4.900000000e-01 -3.969126260e-05  0.000000000e+00 -8.770657819e-06
5.000000000e-01 -4.210591353e-05  0.000000000e+00 -9.303491484e-06
5.100000000e-01 -4.461383685e-05  0.000000000e+00 -9.856817850e-06
5.200000000e-01 -4.721658802e-05  0.000000000e+00 -1.043096985e-05
5.300000000e-01 -4.991571084e-05  0.000000000e+00 -1.102627722e-05
5.400000000e-01 -5.271273750e-05  0.000000000e+00 -1.164306651e-05
5.500000000e-01 -5.560918857e-05  0.000000000e+00 -1.228166102e-05
5.600000000e-01 -5.860657306e-05  0.000000000e+00 -1.294238085e-05
5.700000000e-01 -6.170638842e-05  0.000000000e+00 -1.362554284e-05
5.800000000e-01 -6.491012060e-05  0.000000000e+00 -1.433146057e-05
5.900000000e-01 -6.821924405e-05  0.000000000e+00 -1.506044436e-05
6.000000000e-01 -7.163522178e-05  0.000000000e+00 -1.581280125e-05
6.100000000e-01 -7.515950537e-05  0.000000000e+00 -1.658883496e-05
6.200000000e-01 -7.879353497e-05  0.000000000e+00 -1.738884593e-05
6.300000000e-01 -8.253873941e-05  0.000000000e+00 -1.821313127e-05
6.400000000e-01 -8.639653615e-05  0.000000000e+00 -1.906198473e-05
6.500000000e-01 -9.036833134e-05  0.000000000e+00 -1.993569673e-05
6.600000000e-01 -9.445551985e-05  0.000000000e+00 -2.083455434e-05
6.700000000e-01 -9.865948530e-05  0.000000000e+00 -2.175884122e-05
6.800000000e-01 -1.029816001e-04  0.000000000e+00 -2.270883766e-05
6.900000000e-01 -1.074232254e-04  0.000000000e+00 -2.368482055e-05
7.000000000e-01 -1.119857113e-04  0.000000000e+00 -2.468706335e-05
7.100000000e-01 -1.166703966e-04  0.000000000e+00 -2.571583610e-05
7.200000000e-01 -1.214786092e-04  0.000000000e+00 -2.677140538e-05
7.300000000e-01 -1.264116657e-04  0.000000000e+00 -2.785403434e-05
7.400000000e-01 -1.314708719e-04  0.000000000e+00 -2.896398263e-05
7.500000000e-01 -1.366575223e-04  0.000000000e+00 -3.010150644e-05
7.600000000e-01 -1.419729006e-04  0.000000000e+00 -3.126685845e-05
7.700000000e-01 -1.474182794e-04  0.000000000e+00 -3.246028784e-05
7.800000000e-01 -1.529949206e-04  0.000000000e+00 -3.368204024e-05
7.900000000e-01 -1.587040749e-04  0.000000000e+00 -3.493235778e-05
8.000000000e-01 -1.645469824e-04  0.000000000e+00 -3.621147902e-05
8.100000000e-01 -1.705248721e-04  0.000000000e+00 -3.751963895e-05
8.200000000e-01 -1.766389623e-04  0.000000000e+00 -3.885706902e-05
8.300000000e-01 -1.828904605e-04  0.000000000e+00 -4.022399704e-05
8.400000000e-01 -1.892805635e-04  0.000000000e+00 -4.162064727e-05
8.500000000e-01 -1.958104573e-04  0.000000000e+00 -4.304724033e-05
8.600000000e-01 -2.024813171e-04  0.000000000e+00 -4.450399322e-05
8.700000000e-01 -2.092943077e-04  0.000000000e+00 -4.599111930e-05
8.800000000e-01 -2.162505830e-04  0.000000000e+00 -4.750882828e-05
8.900000000e-01 -2.233512863e-04  0.000000000e+00 -4.905732621e-05
9.000000000e-01 -2.305975504e-04  0.000000000e+00 -5.063681547e-05
9.100000000e-01 -2.379904976e-04  0.000000000e+00 -5.224749476e-05
9.200000000e-01 -2.455312395e-04  0.000000000e+00 -5.388955905e-05
9.300000000e-01 -2.532208773e-04  0.000000000e+00 -5.556319965e-05
9.400000000e-01 -2.610605016e-04  0.000000000e+00 -5.726860410e-05
9.500000000e-01 -2.690511928e-04  0.000000000e+00 -5.900595625e-05
9.600000000e-01 -2.771940206e-04  0.000000000e+00 -6.077543618e-05
9.700000000e-01 -2.854900445e-04  0.000000000e+00 -6.257722023e-05
9.800000000e-01 -2.939403135e-04  0.000000000e+00 -6.441148097e-05
9.900000000e-01 -3.025458665e-04  0.000000000e+00 -6.627838720e-05
1.000000000e+00 -3.113077318e-04  0.000000000e+00 -6.817810393e-05
1.010000000e+00 -3.202269275e-04  0.000000000e+00 -7.011079236e-05
1.020000000e+00 -3.293044616e-04  0.000000000e+00 -7.207660992e-05
1.030000000e+00 -3.385413317e-04  0.000000000e+00 -7.407571019e-05
1.040000000e+00 -3.479385254e-04  0.000000000e+00 -7.610824295e-05
1.050000000e+00 -3.574970198e-04  0.000000000e+00 -7.817435412e-05
1.060000000e+00 -3.672177823e-04  0.000000000e+00 -8.027418579e-05
1.070000000e+00 -3.771017699e-04  0.000000000e+00 -8.240787619e-05
1.080000000e+00 -3.871499295e-04  0.000000000e+00 -8.457555971e-05
1.090000000e+00 -3.973631980e-04  0.000000000e+00 -8.677736683e-05
1.100000000e+00 -4.077425024e-04  0.000000000e+00 -8.901342419e-05
1.110000000e+00 -4.182887595e-04  0.000000000e+00 -9.128385450e-05
1.120000000e+00 -4.290028763e-04  0.000000000e+00 -9.358877662e-05
1.130000000e+00 -4.398857497e-04  0.000000000e+00 -9.592830547e-05
1.140000000e+00 -4.509382668e-04  0.000000000e+00 -9.830255207e-05
1.150000000e+00 -4.621613047e-04  0.000000000e+00 -1.007116235e-04
1.160000000e+00 -4.735557307e-04  0.000000000e+00 -1.031556230e-04
1.170000000e+00 -4.851224023e-04  0.000000000e+00 -1.056346498e-04
1.180000000e+00 -4.968621671e-04  0.000000000e+00 -1.081487991e-04
1.190000000e+00 -5.087758630e-04  0.000000000e+00 -1.106981623e-04
1.200000000e+00 -5.208643181e-04  0.000000000e+00 -1.132828269e-04
1.210000000e+00 -5.331283508e-04  0.000000000e+00 -1.159028762e-04
1.220000000e+00 -5.455687697e-04  0.000000000e+00 -1.185583898e-04
1.230000000e+00 -5.581863738e-04  0.000000000e+00 -1.212494432e-04
1.240000000e+00 -5.709819525e-04  0.000000000e+00 -1.239761078e-04
1.250000000e+00 -5.839562856e-04  0.000000000e+00 -1.267384513e-04
1.260000000e+00 -5.971101431e-04  0.000000000e+00 -1.295365372e-04
1.270000000e+00 -6.104442857e-04  0.000000000e+00 -1.323704250e-04
1.280000000e+00 -6.239594642e-04  0.000000000e+00 -1.352401705e-04
1.290000000e+00 -6.376564204e-04  0.000000000e+00 -1.381458250e-04
1.300000000e+00 -6.515358861e-04  0.000000000e+00 -1.410874363e-04
1.310000000e+00 -6.655985839e-04  0.000000000e+00 -1.440650479e-04
1.320000000e+00 -6.798452270e-04  0.000000000e+00 -1.470786994e-04
1.330000000e+00 -6.942765190e-04  0.000000000e+00 -1.501284262e-04
1.340000000e+00 -7.088931542e-04  0.000000000e+00 -1.532142601e-04
1.350000000e+00 -7.236958178e-04  0.000000000e+00 -1.563362284e-04
1.360000000e+00 -7.386851851e-04  0.000000000e+00 -1.594943547e-04
1.370000000e+00 -7.538619227e-04  0.000000000e+00 -1.626886585e-04
1.380000000e+00 -7.692266875e-04  0.000000000e+00 -1.659191553e-04
1.390000000e+00 -7.847801273e-04  0.000000000e+00 -1.691858564e-04
1.400000000e+00 -8.005228807e-04  0.000000000e+00 -1.724887693e-04
1.410000000e+00 -8.164555770e-04  0.000000000e+00 -1.758278974e-04
1.420000000e+00 -8.325788364e-04  0.000000000e+00 -1.792032400e-04
1.430000000e+00 -8.488932700e-04  0.000000000e+00 -1.826147925e-04
1.440000000e+00 -8.653994796e-04  0.000000000e+00 -1.860625462e-04
1.450000000e+00 -8.820980580e-04  0.000000000e+00 -1.895464883e-04
1.460000000e+00 -8.989895890e-04  0.000000000e+00 -1.930666022e-04
1.470000000e+00 -9.160746472e-04  0.000000000e+00 -1.966228670e-04
1.480000000e+00 -9.333537982e-04  0.000000000e+00 -2.002152581e-04
1.490000000e+00 -9.508275987e-04  0.000000000e+00 -2.038437464e-04
1.500000000e+00 -9.684965964e-04  0.000000000e+00 -2.075082994e-04
1.510000000e+00 -9.863613299e-04  0.000000000e+00 -2.112088800e-04
1.520000000e+00 -1.004422329e-03  0.000000000e+00 -2.149454475e-04
1.530000000e+00 -1.022680115e-03  0.000000000e+00 -2.187179570e-04
1.540000000e+00 -1.041135199e-03  0.000000000e+00 -2.225263595e-04
1.550000000e+00 -1.059788085e-03  0.000000000e+00 -2.263706023e-04
1.560000000e+00 -1.078639267e-03  0.000000000e+00 -2.302506283e-04
1.570000000e+00 -1.097689230e-03  0.000000000e+00 -2.341663768e-04
1.580000000e+00 -1.116938452e-03  0.000000000e+00 -2.381177829e-04
1.590000000e+00 -1.136387400e-03  0.000000000e+00 -2.421047777e-04
1.600000000e+00 -1.156036533e-03  0.000000000e+00 -2.461272883e-04
1.610000000e+00 -1.175886303e-03  0.000000000e+00 -2.501852380e-04
1.620000000e+00 -1.195937151e-03  0.000000000e+00 -2.542785459e-04
1.630000000e+00 -1.216189509e-03  0.000000000e+00 -2.584071272e-04
1.640000000e+00 -1.236643803e-03  0.000000000e+00 -2.625708932e-04
1.650000000e+00 -1.257300449e-03  0.000000000e+00 -2.667697512e-04
1.660000000e+00 -1.278159855e-03  0.000000000e+00 -2.710036047e-04
1.670000000e+00 -1.299222417e-03  0.000000000e+00 -2.752723529e-04
1.680000000e+00 -1.320488529e-03  0.000000000e+00 -2.795758915e-04
1.690000000e+00 -1.341958570e-03  0.000000000e+00 -2.839141119e-04
1.700000000e+00 -1.363632914e-03  0.000000000e+00 -2.882869018e-04
1.710000000e+00 -1.385511926e-03  0.000000000e+00 -2.926941450e-04
1.720000000e+00 -1.407595962e-03  0.000000000e+00 -2.971357212e-04
1.730000000e+00 -1.429885371e-03  0.000000000e+00 -3.016115064e-04
1.740000000e+00 -1.452380492e-03  0.000000000e+00 -3.061213727e-04
1.750000000e+00 -1.475081655e-03  0.000000000e+00 -3.106651882e-04
1.760000000e+00 -1.497989184e-03  0.000000000e+00 -3.152428172e-04
1.770000000e+00 -1.521103394e-03  0.000000000e+00 -3.198541202e-04
1.780000000e+00 -1.544424590e-03  0.000000000e+00 -3.244989538e-04
1.790000000e+00 -1.567953070e-03  0.000000000e+00 -3.291771708e-04
1.800000000e+00 -1.591689124e-03  0.000000000e+00 -3.338886202e-04
1.810000000e+00 -1.615633034e-03  0.000000000e+00 -3.386331470e-04
1.820000000e+00 -1.639785072e-03  0.000000000e+00 -3.434105926e-04
1.830000000e+00 -1.664145503e-03  0.000000000e+00 -3.482207946e-04
1.840000000e+00 -1.688714585e-03  0.000000000e+00 -3.530635867e-04
1.850000000e+00 -1.713492566e-03  0.000000000e+00 -3.579387989e-04
1.860000000e+00 -1.738479686e-03  0.000000000e+00 -3.628462576e-04
1.870000000e+00 -1.763676179e-03  0.000000000e+00 -3.677857851e-04
1.880000000e+00 -1.789082268e-03  0.000000000e+00 -3.727572004e-04
1.890000000e+00 -1.814698169e-03  0.000000000e+00 -3.777603185e-04
1.900000000e+00 -1.840524091e-03  0.000000000e+00 -3.827949507e-04
1.910000000e+00 -1.866560235e-03  0.000000000e+00 -3.878609049e-04
1.920000000e+00 -1.892806792e-03  0.000000000e+00 -3.929579849e-04
1.930000000e+00 -1.919263946e-03  0.000000000e+00 -3.980859912e-04
1.940000000e+00 -1.945931875e-03  0.000000000e+00 -4.032447206e-04
1.950000000e+00 -1.972810746e-03  0.000000000e+00 -4.084339661e-04
1.960000000e+00 -1.999900721e-03  0.000000000e+00 -4.136535172e-04
1.970000000e+00 -2.027201951e-03  0.000000000e+00 -4.189031599e-04
1.980000000e+00 -2.054714582e-03  0.000000000e+00 -4.241826765e-04
1.990000000e+00 -2.082438750e-03  0.000000000e+00 -4.294918458e-04
2.000000000e+00 -2.110374584e-03  0.000000000e+00 -4.348304429e-04
2.010000000e+00 -2.138522207e-03  0.000000000e+00 -4.401982397e-04
2.020000000e+00 -2.166881731e-03  0.000000000e+00 -4.455950043e-04
2.030000000e+00 -2.195453263e-03  0.000000000e+00 -4.510205015e-04
2.040000000e+00 -2.224236899e-03  0.000000000e+00 -4.564744924e-04
2.050000000e+00 -2.253232732e-03  0.000000000e+00 -4.619567349e-04
2.060000000e+00 -2.282440843e-03  0.000000000e+00 -4.674669832e-04
2.070000000e+00 -2.311861308e-03  0.000000000e+00 -4.730049885e-04
2.080000000e+00 -2.341494193e-03  0.000000000e+00 -4.785704981e-04
2.090000000e+00 -2.371339559e-03  0.000000000e+00 -4.841632562e-04
2.100000000e+00 -2.401397458e-03  0.000000000e+00 -4.897830036e-04
2.110000000e+00 -2.431667934e-03  0.000000000e+00 -4.954294779e-04
2.120000000e+00 -2.462151025e-03  0.000000000e+00 -5.011024131e-04
2.130000000e+00 -2.492846759e-03  0.000000000e+00 -5.068015400e-04
2.140000000e+00 -2.523755159e-03  0.000000000e+00 -5.125265864e-04
2.150000000e+00 -2.554876240e-03  0.000000000e+00 -5.182772763e-04
2.160000000e+00 -2.586210008e-03  0.000000000e+00 -5.240533310e-04
2.170000000e+00 -2.617756462e-03  0.000000000e+00 -5.298544683e-04
2.180000000e+00 -2.649515596e-03  0.000000000e+00 -5.356804028e-04
2.190000000e+00 -2.681487392e-03  0.000000000e+00 -5.415308461e-04
2.200000000e+00 -2.713671830e-03  0.000000000e+00 -5.474055065e-04
2.210000000e+00 -2.746068879e-03  0.000000000e+00 -5.533040892e-04
2.220000000e+00 -2.778678501e-03  0.000000000e+00 -5.592262964e-04
2.230000000e+00 -2.811500651e-03  0.000000000e+00 -5.651718272e-04
2.240000000e+00 -2.844535278e-03  0.000000000e+00 -5.711403774e-04
2.250000000e+00 -2.877782322e-03  0.000000000e+00 -5.771316401e-04
2.260000000e+00 -2.911241717e-03  0.000000000e+00 -5.831453052e-04
2.270000000e+00 -2.944913388e-03  0.000000000e+00 -5.891810597e-04
2.280000000e+00 -2.978797255e-03  0.000000000e+00 -5.952385876e-04
2.290000000e+00 -3.012893228e-03  0.000000000e+00 -6.013175699e-04
2.300000000e+00 -3.047201214e-03  0.000000000e+00 -6.074176849e-04
2.310000000e+00 -3.081721108e-03  0.000000000e+00 -6.135386078e-04
2.320000000e+00 -3.116452802e-03  0.000000000e+00 -6.196800110e-04
2.330000000e+00 -3.151396178e-03  0.000000000e+00 -6.258415642e-04
2.340000000e+00 -3.186551111e-03  0.000000000e+00 -6.320229341e-04
2.350000000e+00 -3.221917472e-03  0.000000000e+00 -6.382237846e-04
2.360000000e+00 -3.257495122e-03  0.000000000e+00 -6.444437771e-04
2.370000000e+00 -3.293283915e-03  0.000000000e+00 -6.506825700e-04
2.380000000e+00 -3.329283700e-03  0.000000000e+00 -6.569398191e-04
2.390000000e+00 -3.365494316e-03  0.000000000e+00 -6.632151777e-04
2.400000000e+00 -3.401915598e-03  0.000000000e+00 -6.695082961e-04
2.410000000e+00 -3.438547373e-03  0.000000000e+00 -6.758188222e-04
2.420000000e+00 -3.475389460e-03  0.000000000e+00 -6.821464013e-04
2.430000000e+00 -3.512441672e-03  0.000000000e+00 -6.884906761e-04
2.440000000e+00 -3.549703815e-03  0.000000000e+00 -6.948512867e-04
2.450000000e+00 -3.587175689e-03  0.000000000e+00 -7.012278709e-04
2.460000000e+00 -3.624857085e-03  0.000000000e+00 -7.076200637e-04
2.470000000e+00 -3.662747789e-03  0.000000000e+00 -7.140274979e-04
2.480000000e+00 -3.700847579e-03  0.000000000e+00 -7.204498038e-04
2.490000000e+00 -3.739156228e-03  0.000000000e+00 -7.268866093e-04
2.500000000e+00 -3.777673500e-03  0.000000000e+00 -7.333375399e-04
2.510000000e+00 -3.816399154e-03  0.000000000e+00 -7.398022189e-04
2.520000000e+00 -3.855332940e-03  0.000000000e+00 -7.462802670e-04
2.530000000e+00 -3.894474605e-03  0.000000000e+00 -7.527713031e-04
2.540000000e+00 -3.933823885e-03  0.000000000e+00 -7.592749433e-04
2.550000000e+00 -3.973380512e-03  0.000000000e+00 -7.657908019e-04
2.560000000e+00 -4.013144211e-03  0.000000000e+00 -7.723184908e-04
2.570000000e+00 -4.053114700e-03  0.000000000e+00 -7.788576199e-04
2.580000000e+00 -4.093291690e-03  0.000000000e+00 -7.854077969e-04
2.590000000e+00 -4.133674886e-03  0.000000000e+00 -7.919686272e-04
2.600000000e+00 -4.174263987e-03  0.000000000e+00 -7.985397146e-04
2.610000000e+00 -4.215058684e-03  0.000000000e+00 -8.051206604e-04
2.620000000e+00 -4.256058662e-03  0.000000000e+00 -8.117110642e-04
2.630000000e+00 -4.297263600e-03  0.000000000e+00 -8.183105235e-04
2.640000000e+00 -4.338673170e-03  0.000000000e+00 -8.249186340e-04
2.650000000e+00 -4.380287038e-03  0.000000000e+00 -8.315349893e-04
2.660000000e+00 -4.422104863e-03  0.000000000e+00 -8.381591812e-04
2.670000000e+00 -4.464126297e-03  0.000000000e+00 -8.447907997e-04
2.680000000e+00 -4.506350986e-03  0.000000000e+00 -8.514294331e-04
2.690000000e+00 -4.548778572e-03  0.000000000e+00 -8.580746677e-04
2.700000000e+00 -4.591408687e-03  0.000000000e+00 -8.647260882e-04
2.710000000e+00 -4.634240958e-03  0.000000000e+00 -8.713832775e-04
2.720000000e+00 -4.677275006e-03  0.000000000e+00 -8.780458169e-04
2.730000000e+00 -4.720510446e-03  0.000000000e+00 -8.847132861e-04
2.740000000e+00 -4.763946886e-03  0.000000000e+00 -8.913852631e-04
2.750000000e+00 -4.807583928e-03  0.000000000e+00 -8.980613243e-04
2.760000000e+00 -4.851421167e-03  0.000000000e+00 -9.047410447e-04
2.770000000e+00 -4.895458193e-03  0.000000000e+00 -9.114239976e-04
2.780000000e+00 -4.939694589e-03  0.000000000e+00 -9.181097551e-04
2.790000000e+00 -4.984129933e-03  0.000000000e+00 -9.247978875e-04
2.800000000e+00 -5.028763794e-03  0.000000000e+00 -9.314879639e-04
2.810000000e+00 -5.073595737e-03  0.000000000e+00 -9.381795522e-04
2.820000000e+00 -5.118625322e-03  0.000000000e+00 -9.448722186e-04
2.830000000e+00 -5.163852100e-03  0.000000000e+00 -9.515655283e-04
2.840000000e+00 -5.209275617e-03  0.000000000e+00 -9.582590449e-04
2.850000000e+00 -5.254895415e-03  0.000000000e+00 -9.649523312e-04
2.860000000e+00 -5.300711027e-03  0.000000000e+00 -9.716449485e-04
2.870000000e+00 -5.346721981e-03  0.000000000e+00 -9.783364570e-04
2.880000000e+00 -5.392927799e-03  0.000000000e+00 -9.850264157e-04
2.890000000e+00 -5.439327998e-03  0.000000000e+00 -9.917143827e-04
2.900000000e+00 -5.485922087e-03  0.000000000e+00 -9.983999149e-04
2.910000000e+00 -5.532709571e-03  0.000000000e+00 -1.005082568e-03
2.920000000e+00 -5.579689948e-03  0.000000000e+00 -1.011761898e-03
2.930000000e+00 -5.626862711e-03  0.000000000e+00 -1.018437457e-03
2.940000000e+00 -5.674227345e-03  0.000000000e+00 -1.025108799e-03
2.950000000e+00 -5.721783332e-03  0.000000000e+00 -1.031775477e-03
2.960000000e+00 -5.769530146e-03  0.000000000e+00 -1.038437041e-03
2.970000000e+00 -5.817467256e-03  0.000000000e+00 -1.045093042e-03
2.980000000e+00 -5.865594125e-03  0.000000000e+00 -1.051743030e-03
2.990000000e+00 -5.913910211e-03  0.000000000e+00 -1.058386554e-03
3.000000000e+00 -5.962414965e-03  0.000000000e+00 -1.065023162e-03
3.010000000e+00 -6.011107833e-03  0.000000000e+00 -1.071652402e-03
3.020000000e+00 -6.059988255e-03  0.000000000e+00 -1.078273821e-03
3.030000000e+00 -6.109055666e-03  0.000000000e+00 -1.084886965e-03
3.040000000e+00 -6.158309493e-03  0.000000000e+00 -1.091491380e-03
3.050000000e+00 -6.207749161e-03  0.000000000e+00 -1.098086611e-03
3.060000000e+00 -6.257374086e-03  0.000000000e+00 -1.104672204e-03
3.070000000e+00 -6.307183681e-03  0.000000000e+00 -1.111247703e-03
3.080000000e+00 -6.357177352e-03  0.000000000e+00 -1.117812651e-03
3.090000000e+00 -6.407354499e-03  0.000000000e+00 -1.124366593e-03
3.100000000e+00 -6.457714517e-03  0.000000000e+00 -1.130909071e-03
3.110000000e+00 -6.508256797e-03  0.000000000e+00 -1.137439629e-03
3.120000000e+00 -6.558980722e-03  0.000000000e+00 -1.143957810e-03
3.130000000e+00 -6.609885670e-03  0.000000000e+00 -1.150463156e-03
3.140000000e+00 -6.660971015e-03  0.000000000e+00 -1.156955209e-03
3.150000000e+00 -6.712236125e-03  0.000000000e+00 -1.163433511e-03
3.160000000e+00 -6.763680362e-03  0.000000000e+00 -1.169897605e-03
3.170000000e+00 -6.815303082e-03  0.000000000e+00 -1.176347032e-03
3.180000000e+00 -6.867103638e-03  0.000000000e+00 -1.182781335e-03
3.190000000e+00 -6.919081375e-03  0.000000000e+00 -1.189200055e-03
3.200000000e+00 -6.971235635e-03  0.000000000e+00 -1.195602735e-03
3.210000000e+00 -7.023565752e-03  0.000000000e+00 -1.201988916e-03
3.220000000e+00 -7.076071058e-03  0.000000000e+00 -1.208358140e-03
3.230000000e+00 -7.128750876e-03  0.000000000e+00 -1.214709951e-03
3.240000000e+00 -7.181604528e-03  0.000000000e+00 -1.221043889e-03
3.250000000e+00 -7.234631327e-03  0.000000000e+00 -1.227359498e-03
3.260000000e+00 -7.287830583e-03  0.000000000e+00 -1.233656321e-03
3.270000000e+00 -7.341201599e-03  0.000000000e+00 -1.239933902e-03
3.280000000e+00 -7.394743676e-03  0.000000000e+00 -1.246191782e-03
3.290000000e+00 -7.448456107e-03  0.000000000e+00 -1.252429508e-03
3.300000000e+00 -7.502338181e-03  0.000000000e+00 -1.258646622e-03
3.310000000e+00 -7.556389182e-03  0.000000000e+00 -1.264842669e-03
3.320000000e+00 -7.610608387e-03  0.000000000e+00 -1.271017195e-03
3.330000000e+00 -7.664995072e-03  0.000000000e+00 -1.277169746e-03
3.340000000e+00 -7.719548505e-03  0.000000000e+00 -1.283299868e-03
3.350000000e+00 -7.774267949e-03  0.000000000e+00 -1.289407107e-03
3.360000000e+00 -7.829152664e-03  0.000000000e+00 -1.295491011e-03
3.370000000e+00 -7.884201902e-03  0.000000000e+00 -1.301551128e-03
3.380000000e+00 -7.939414913e-03  0.000000000e+00 -1.307587007e-03
3.390000000e+00 -7.994790942e-03  0.000000000e+00 -1.313598198e-03
3.400000000e+00 -8.050329226e-03  0.000000000e+00 -1.319584251e-03
3.410000000e+00 -8.106029001e-03  0.000000000e+00 -1.325544717e-03
3.420000000e+00 -8.161889496e-03  0.000000000e+00 -1.331479147e-03
3.430000000e+00 -8.217909936e-03  0.000000000e+00 -1.337387096e-03
3.440000000e+00 -8.274089541e-03  0.000000000e+00 -1.343268116e-03
3.450000000e+00 -8.330427526e-03  0.000000000e+00 -1.349121763e-03
3.460000000e+00 -8.386923101e-03  0.000000000e+00 -1.354947591e-03
3.470000000e+00 -8.443575473e-03  0.000000000e+00 -1.360745158e-03
3.480000000e+00 -8.500383842e-03  0.000000000e+00 -1.366514022e-03
3.490000000e+00 -8.557347405e-03  0.000000000e+00 -1.372253741e-03
3.500000000e+00 -8.614465355e-03  0.000000000e+00 -1.377963875e-03
3.510000000e+00 -8.671736877e-03  0.000000000e+00 -1.383643985e-03
3.520000000e+00 -8.729161156e-03  0.000000000e+00 -1.389293635e-03
3.530000000e+00 -8.786737370e-03  0.000000000e+00 -1.394912387e-03
3.540000000e+00 -8.844464691e-03  0.000000000e+00 -1.400499806e-03
3.550000000e+00 -8.902342290e-03  0.000000000e+00 -1.406055458e-03
3.560000000e+00 -8.960369331e-03  0.000000000e+00 -1.411578911e-03
3.570000000e+00 -9.018544975e-03  0.000000000e+00 -1.417069734e-03
3.580000000e+00 -9.076868377e-03  0.000000000e+00 -1.422527498e-03
3.590000000e+00 -9.135338689e-03  0.000000000e+00 -1.427951772e-03
3.600000000e+00 -9.193955058e-03  0.000000000e+00 -1.433342132e-03
3.610000000e+00 -9.252716628e-03  0.000000000e+00 -1.438698152e-03
3.620000000e+00 -9.311622535e-03  0.000000000e+00 -1.444019408e-03
3.630000000e+00 -9.370671916e-03  0.000000000e+00 -1.449305478e-03
3.640000000e+00 -9.429863900e-03  0.000000000e+00 -1.454555941e-03
3.650000000e+00 -9.489197613e-03  0.000000000e+00 -1.459770379e-03
3.660000000e+00 -9.548672176e-03  0.000000000e+00 -1.464948374e-03
3.670000000e+00 -9.608286706e-03  0.000000000e+00 -1.470089511e-03
3.680000000e+00 -9.668040318e-03  0.000000000e+00 -1.475193377e-03
3.690000000e+00 -9.727932120e-03  0.000000000e+00 -1.480259559e-03
3.700000000e+00 -9.787961217e-03  0.000000000e+00 -1.485287648e-03
3.710000000e+00 -9.848126711e-03  0.000000000e+00 -1.490277234e-03
3.720000000e+00 -9.908427698e-03  0.000000000e+00 -1.495227913e-03
3.730000000e+00 -9.968863271e-03  0.000000000e+00 -1.500139279e-03
3.740000000e+00 -1.002943252e-02  0.000000000e+00 -1.505010930e-03
3.750000000e+00 -1.009013453e-02  0.000000000e+00 -1.509842466e-03
3.760000000e+00 -1.015096838e-02  0.000000000e+00 -1.514633488e-03
3.770000000e+00 -1.021193315e-02  0.000000000e+00 -1.519383600e-03
3.780000000e+00 -1.027302791e-02  0.000000000e+00 -1.524092407e-03
3.790000000e+00 -1.033425173e-02  0.000000000e+00 -1.528759518e-03
3.800000000e+00 -1.039560368e-02  0.000000000e+00 -1.533384543e-03
3.810000000e+00 -1.045708282e-02  0.000000000e+00 -1.537967093e-03
3.820000000e+00 -1.051868820e-02  0.000000000e+00 -1.542506784e-03
3.830000000e+00 -1.058041889e-02  0.000000000e+00 -1.547003231e-03
3.840000000e+00 -1.064227393e-02  0.000000000e+00 -1.551456055e-03
3.850000000e+00 -1.070425237e-02  0.000000000e+00 -1.555864875e-03
3.860000000e+00 -1.076635325e-02  0.000000000e+00 -1.560229316e-03
3.870000000e+00 -1.082857561e-02  0.000000000e+00 -1.564549004e-03
3.880000000e+00 -1.089091849e-02  0.000000000e+00 -1.568823566e-03
3.890000000e+00 -1.095338092e-02  0.000000000e+00 -1.573052635e-03
3.900000000e+00 -1.101596194e-02  0.000000000e+00 -1.577235843e-03
3.910000000e+00 -1.107866056e-02  0.000000000e+00 -1.581372826e-03
3.920000000e+00 -1.114147580e-02  0.000000000e+00 -1.585463222e-03
3.930000000e+00 -1.120440669e-02  0.000000000e+00 -1.589506673e-03
3.940000000e+00 -1.126745225e-02  0.000000000e+00 -1.593502822e-03
3.950000000e+00 -1.133061148e-02  0.000000000e+00 -1.597451314e-03
3.960000000e+00 -1.139388339e-02  0.000000000e+00 -1.601351799e-03
3.970000000e+00 -1.145726698e-02  0.000000000e+00 -1.605203928e-03
3.980000000e+00 -1.152076127e-02  0.000000000e+00 -1.609007355e-03
3.990000000e+00 -1.158436525e-02  0.000000000e+00 -1.612761737e-03
4.000000000e+00 -1.164807790e-02  0.000000000e+00 -1.616466734e-03
4.010000000e+00 -1.171189824e-02  0.000000000e+00 -1.620122008e-03
4.020000000e+00 -1.177582523e-02  0.000000000e+00 -1.623727225e-03
4.030000000e+00 -1.183985788e-02  0.000000000e+00 -1.627282052e-03
4.040000000e+00 -1.190399516e-02  0.000000000e+00 -1.630786160e-03
4.050000000e+00 -1.196823606e-02  0.000000000e+00 -1.634239224e-03
4.060000000e+00 -1.203257954e-02  0.000000000e+00 -1.637640919e-03
4.070000000e+00 -1.209702459e-02  0.000000000e+00 -1.640990927e-03
4.080000000e+00 -1.216157017e-02  0.000000000e+00 -1.644288929e-03
4.090000000e+00 -1.222621525e-02  0.000000000e+00 -1.647534612e-03
4.100000000e+00 -1.229095880e-02  0.000000000e+00 -1.650727663e-03
4.110000000e+00 -1.235579978e-02  0.000000000e+00 -1.653867776e-03
4.120000000e+00 -1.242073714e-02  0.000000000e+00 -1.656954645e-03
4.130000000e+00 -1.248576985e-02  0.000000000e+00 -1.659987967e-03
4.140000000e+00 -1.255089685e-02  0.000000000e+00 -1.662967445e-03
4.150000000e+00 -1.261611710e-02  0.000000000e+00 -1.665892783e-03
4.160000000e+00 -1.268142954e-02  0.000000000e+00 -1.668763687e-03
4.170000000e+00 -1.274683313e-02  0.000000000e+00 -1.671579869e-03
4.180000000e+00 -1.281232680e-02  0.000000000e+00 -1.674341044e-03
4.190000000e+00 -1.287790949e-02  0.000000000e+00 -1.677046927e-03
4.200000000e+00 -1.294358014e-02  0.000000000e+00 -1.679697241e-03
4.210000000e+00 -1.300933768e-02  0.000000000e+00 -1.682291707e-03
4.220000000e+00 -1.307518105e-02  0.000000000e+00 -1.684830055e-03
4.230000000e+00 -1.314110918e-02  0.000000000e+00 -1.687312014e-03
4.240000000e+00 -1.320712098e-02  0.000000000e+00 -1.689737319e-03
4.250000000e+00 -1.327321540e-02  0.000000000e+00 -1.692105706e-03
4.260000000e+00 -1.333939135e-02  0.000000000e+00 -1.694416917e-03
4.270000000e+00 -1.340564774e-02  0.000000000e+00 -1.696670695e-03
4.280000000e+00 -1.347198351e-02  0.000000000e+00 -1.698866789e-03
4.290000000e+00 -1.353839755e-02  0.000000000e+00 -1.701004949e-03
4.300000000e+00 -1.360488879e-02  0.000000000e+00 -1.703084931e-03
4.310000000e+00 -1.367145614e-02  0.000000000e+00 -1.705106492e-03
4.320000000e+00 -1.373809850e-02  0.000000000e+00 -1.707069395e-03
4.330000000e+00 -1.380481478e-02  0.000000000e+00 -1.708973404e-03
4.340000000e+00 -1.387160388e-02  0.000000000e+00 -1.710818289e-03
4.350000000e+00 -1.393846471e-02  0.000000000e+00 -1.712603822e-03
4.360000000e+00 -1.400539617e-02  0.000000000e+00 -1.714329780e-03
4.370000000e+00 -1.407239715e-02  0.000000000e+00 -1.715995941e-03
4.380000000e+00 -1.413946655e-02  0.000000000e+00 -1.717602091e-03
4.390000000e+00 -1.420660327e-02  0.000000000e+00 -1.719148016e-03
4.400000000e+00 -1.427380619e-02  0.000000000e+00 -1.720633507e-03
4.410000000e+00 -1.434107421e-02  0.000000000e+00 -1.722058359e-03
4.420000000e+00 -1.440840621e-02  0.000000000e+00 -1.723422370e-03
4.430000000e+00 -1.447580107e-02  0.000000000e+00 -1.724725342e-03
4.440000000e+00 -1.454325770e-02  0.000000000e+00 -1.725967081e-03
4.450000000e+00 -1.461077496e-02  0.000000000e+00 -1.727147398e-03
4.460000000e+00 -1.467835173e-02  0.000000000e+00 -1.728266105e-03
4.470000000e+00 -1.474598691e-02  0.000000000e+00 -1.729323020e-03
4.480000000e+00 -1.481367935e-02  0.000000000e+00 -1.730317965e-03
4.490000000e+00 -1.488142795e-02  0.000000000e+00 -1.731250764e-03
4.500000000e+00 -1.494923157e-02  0.000000000e+00 -1.732121247e-03
4.510000000e+00 -1.501708908e-02  0.000000000e+00 -1.732929246e-03
4.520000000e+00 -1.508499937e-02  0.000000000e+00 -1.733674598e-03
4.530000000e+00 -1.515296129e-02  0.000000000e+00 -1.734357145e-03
4.540000000e+00 -1.522097372e-02  0.000000000e+00 -1.734976730e-03
4.550000000e+00 -1.528903551e-02  0.000000000e+00 -1.735533202e-03
4.560000000e+00 -1.535714555e-02  0.000000000e+00 -1.736026414e-03
4.570000000e+00 -1.542530268e-02  0.000000000e+00 -1.736456223e-03
4.580000000e+00 -1.549350578e-02  0.000000000e+00 -1.736822489e-03
4.590000000e+00 -1.556175370e-02  0.000000000e+00 -1.737125076e-03
4.600000000e+00 -1.563004531e-02  0.000000000e+00 -1.737363854e-03
4.610000000e+00 -1.569837946e-02  0.000000000e+00 -1.737538695e-03
4.620000000e+00 -1.576675501e-02  0.000000000e+00 -1.737649475e-03
4.630000000e+00 -1.583517081e-02  0.000000000e+00 -1.737696076e-03
4.640000000e+00 -1.590362573e-02  0.000000000e+00 -1.737678381e-03
4.650000000e+00 -1.597211861e-02  0.000000000e+00 -1.737596281e-03
4.660000000e+00 -1.604064832e-02  0.000000000e+00 -1.737449668e-03
4.670000000e+00 -1.610921369e-02  0.000000000e+00 -1.737238439e-03
4.680000000e+00 -1.617781359e-02  0.000000000e+00 -1.736962495e-03
4.690000000e+00 -1.624644686e-02  0.000000000e+00 -1.736621742e-03
4.700000000e+00 -1.631511235e-02  0.000000000e+00 -1.736216088e-03
4.710000000e+00 -1.638380891e-02  0.000000000e+00 -1.735745448e-03
4.720000000e+00 -1.645253539e-02  0.000000000e+00 -1.735209740e-03
4.730000000e+00 -1.652129063e-02  0.000000000e+00 -1.734608884e-03
4.740000000e+00 -1.659007348e-02  0.000000000e+00 -1.733942808e-03
4.750000000e+00 -1.665888278e-02  0.000000000e+00 -1.733211440e-03
4.760000000e+00 -1.672771739e-02  0.000000000e+00 -1.732414717e-03
4.770000000e+00 -1.679657613e-02  0.000000000e+00 -1.731552575e-03
4.780000000e+00 -1.686545787e-02  0.000000000e+00 -1.730624959e-03
4.790000000e+00 -1.693436143e-02  0.000000000e+00 -1.729631814e-03
4.800000000e+00 -1.700328566e-02  0.000000000e+00 -1.728573092e-03
4.810000000e+00 -1.707222940e-02  0.000000000e+00 -1.727448748e-03
4.820000000e+00 -1.714119150e-02  0.000000000e+00 -1.726258743e-03
4.830000000e+00 -1.721017079e-02  0.000000000e+00 -1.725003038e-03
4.840000000e+00 -1.727916611e-02  0.000000000e+00 -1.723681604e-03
4.850000000e+00 -1.734817631e-02  0.000000000e+00 -1.722294411e-03
4.860000000e+00 -1.741720021e-02  0.000000000e+00 -1.720841436e-03
4.870000000e+00 -1.748623667e-02  0.000000000e+00 -1.719322661e-03
4.880000000e+00 -1.755528452e-02  0.000000000e+00 -1.717738069e-03
4.890000000e+00 -1.762434260e-02  0.000000000e+00 -1.716087650e-03
4.900000000e+00 -1.769340974e-02  0.000000000e+00 -1.714371398e-03
4.910000000e+00 -1.776248479e-02  0.000000000e+00 -1.712589309e-03
4.920000000e+00 -1.783156658e-02  0.000000000e+00 -1.710741387e-03
4.930000000e+00 -1.790065395e-02  0.000000000e+00 -1.708827637e-03
4.940000000e+00 -1.796974574e-02  0.000000000e+00 -1.706848069e-03
4.950000000e+00 -1.803884079e-02  0.000000000e+00 -1.704802699e-03
4.960000000e+00 -1.810793793e-02  0.000000000e+00 -1.702691544e-03
4.970000000e+00 -1.817703600e-02  0.000000000e+00 -1.700514629e-03
4.980000000e+00 -1.824613384e-02  0.000000000e+00 -1.698271981e-03
4.990000000e+00 -1.831523029e-02  0.000000000e+00 -1.695963631e-03
5.000000000e+00 -1.838432419e-02  0.000000000e+00 -1.693589615e-03
5.010000000e+00 -1.845341437e-02  0.000000000e+00 -1.691149973e-03
5.020000000e+00 -1.852249967e-02  0.000000000e+00 -1.688644751e-03
5.030000000e+00 -1.859157893e-02  0.000000000e+00 -1.686073996e-03
5.040000000e+00 -1.866065100e-02  0.000000000e+00 -1.683437761e-03
5.050000000e+00 -1.872971470e-02  0.000000000e+00 -1.680736104e-03
5.060000000e+00 -1.879876888e-02  0.000000000e+00 -1.677969086e-03
5.070000000e+00 -1.886781239e-02  0.000000000e+00 -1.675136773e-03
5.080000000e+00 -1.893684405e-02  0.000000000e+00 -1.672239234e-03
5.090000000e+00 -1.900586272e-02  0.000000000e+00 -1.669276544e-03
5.100000000e+00 -1.907486722e-02  0.000000000e+00 -1.666248781e-03
5.110000000e+00 -1.914385642e-02  0.000000000e+00 -1.663156027e-03
5.120000000e+00 -1.921282914e-02  0.000000000e+00 -1.659998370e-03
5.130000000e+00 -1.928178424e-02  0.000000000e+00 -1.656775900e-03
5.140000000e+00 -1.935072055e-02  0.000000000e+00 -1.653488712e-03
5.150000000e+00 -1.941963692e-02  0.000000000e+00 -1.650136907e-03
5.160000000e+00 -1.948853219e-02  0.000000000e+00 -1.646720587e-03
5.170000000e+00 -1.955740522e-02  0.000000000e+00 -1.643239861e-03
5.180000000e+00 -1.962625485e-02  0.000000000e+00 -1.639694839e-03
5.190000000e+00 -1.969507992e-02  0.000000000e+00 -1.636085640e-03
5.200000000e+00 -1.976387929e-02  0.000000000e+00 -1.632412382e-03
5.210000000e+00 -1.983265180e-02  0.000000000e+00 -1.628675190e-03
5.220000000e+00 -1.990139631e-02  0.000000000e+00 -1.624874193e-03
5.230000000e+00 -1.997011167e-02  0.000000000e+00 -1.621009524e-03
5.240000000e+00 -2.003879672e-02  0.000000000e+00 -1.617081320e-03
5.250000000e+00 -2.010745032e-02  0.000000000e+00 -1.613089721e-03
5.260000000e+00 -2.017607134e-02  0.000000000e+00 -1.609034873e-03
5.270000000e+00 -2.024465861e-02  0.000000000e+00 -1.604916925e-03
5.280000000e+00 -2.031321100e-02  0.000000000e+00 -1.600736031e-03
5.290000000e+00 -2.038172737e-02  0.000000000e+00 -1.596492347e-03
5.300000000e+00 -2.045020658e-02  0.000000000e+00 -1.592186037e-03
5.310000000e+00 -2.051864748e-02  0.000000000e+00 -1.587817264e-03
5.320000000e+00 -2.058704894e-02  0.000000000e+00 -1.583386199e-03
5.330000000e+00 -2.065540983e-02  0.000000000e+00 -1.578893015e-03
5.340000000e+00 -2.072372899e-02  0.000000000e+00 -1.574337891e-03
5.350000000e+00 -2.079200531e-02  0.000000000e+00 -1.569721008e-03
5.360000000e+00 -2.086023765e-02  0.000000000e+00 -1.565042551e-03
5.370000000e+00 -2.092842487e-02  0.000000000e+00 -1.560302712e-03
5.380000000e+00 -2.099656585e-02  0.000000000e+00 -1.555501682e-03
5.390000000e+00 -2.106465946e-02  0.000000000e+00 -1.550639660e-03
5.400000000e+00 -2.113270457e-02  0.000000000e+00 -1.545716848e-03
5.410000000e+00 -2.120070006e-02  0.000000000e+00 -1.540733452e-03
5.420000000e+00 -2.126864479e-02  0.000000000e+00 -1.535689680e-03
5.430000000e+00 -2.133653766e-02  0.000000000e+00 -1.530585746e-03
5.440000000e+00 -2.140437754e-02  0.000000000e+00 -1.525421868e-03
5.450000000e+00 -2.147216331e-02  0.000000000e+00 -1.520198267e-03
5.460000000e+00 -2.153989385e-02  0.000000000e+00 -1.514915168e-03
5.470000000e+00 -2.160756806e-02  0.000000000e+00 -1.509572800e-03
5.480000000e+00 -2.167518481e-02  0.000000000e+00 -1.504171395e-03
5.490000000e+00 -2.174274299e-02  0.000000000e+00 -1.498711191e-03
5.500000000e+00 -2.181024150e-02  0.000000000e+00 -1.493192427e-03
5.510000000e+00 -2.187767923e-02  0.000000000e+00 -1.487615348e-03
5.520000000e+00 -2.194505506e-02  0.000000000e+00 -1.481980202e-03
5.530000000e+00 -2.201236791e-02  0.000000000e+00 -1.476287241e-03
5.540000000e+00 -2.207961666e-02  0.000000000e+00 -1.470536719e-03
5.550000000e+00 -2.214680022e-02  0.000000000e+00 -1.464728896e-03
5.560000000e+00 -2.221391749e-02  0.000000000e+00 -1.458864035e-03
5.570000000e+00 -2.228096737e-02  0.000000000e+00 -1.452942402e-03
5.580000000e+00 -2.234794878e-02  0.000000000e+00 -1.446964268e-03
5.590000000e+00 -2.241486061e-02  0.000000000e+00 -1.440929906e-03
5.600000000e+00 -2.248170179e-02  0.000000000e+00 -1.434839594e-03
5.610000000e+00 -2.254847122e-02  0.000000000e+00 -1.428693612e-03
5.620000000e+00 -2.261516782e-02  0.000000000e+00 -1.422492246e-03
5.630000000e+00 -2.268179050e-02  0.000000000e+00 -1.416235783e-03
5.640000000e+00 -2.274833820e-02  0.000000000e+00 -1.409924515e-03
5.650000000e+00 -2.281480983e-02  0.000000000e+00 -1.403558736e-03
5.660000000e+00 -2.288120431e-02  0.000000000e+00 -1.397138747e-03
5.670000000e+00 -2.294752058e-02  0.000000000e+00 -1.390664849e-03
5.680000000e+00 -2.301375756e-02  0.000000000e+00 -1.384137347e-03
5.690000000e+00 -2.307991419e-02  0.000000000e+00 -1.377556551e-03
5.700000000e+00 -2.314598940e-02  0.000000000e+00 -1.370922772e-03
5.710000000e+00 -2.321198213e-02  0.000000000e+00 -1.364236327e-03
5.720000000e+00 -2.327789132e-02  0.000000000e+00 -1.357497535e-03
5.730000000e+00 -2.334371591e-02  0.000000000e+00 -1.350706719e-03
5.740000000e+00 -2.340945485e-02  0.000000000e+00 -1.343864203e-03
5.750000000e+00 -2.347510708e-02  0.000000000e+00 -1.336970317e-03
5.760000000e+00 -2.354067157e-02  0.000000000e+00 -1.330025394e-03
5.770000000e+00 -2.360614725e-02  0.000000000e+00 -1.323029769e-03
5.780000000e+00 -2.367153309e-02  0.000000000e+00 -1.315983780e-03
5.790000000e+00 -2.373682805e-02  0.000000000e+00 -1.308887770e-03
5.800000000e+00 -2.380203109e-02  0.000000000e+00 -1.301742084e-03
5.810000000e+00 -2.386714118e-02  0.000000000e+00 -1.294547069e-03
5.820000000e+00 -2.393215727e-02  0.000000000e+00 -1.287303078e-03
5.830000000e+00 -2.399707835e-02  0.000000000e+00 -1.280010465e-03
5.840000000e+00 -2.406190339e-02  0.000000000e+00 -1.272669587e-03
5.850000000e+00 -2.412663136e-02  0.000000000e+00 -1.265280805e-03
5.860000000e+00 -2.419126124e-02  0.000000000e+00 -1.257844483e-03
5.870000000e+00 -2.425579202e-02  0.000000000e+00 -1.250360986e-03
5.880000000e+00 -2.432022268e-02  0.000000000e+00 -1.242830684e-03
5.890000000e+00 -2.438455222e-02  0.000000000e+00 -1.235253950e-03
5.900000000e+00 -2.444877962e-02  0.000000000e+00 -1.227631159e-03
5.910000000e+00 -2.451290388e-02  0.000000000e+00 -1.219962690e-03
5.920000000e+00 -2.457692400e-02  0.000000000e+00 -1.212248922e-03
5.930000000e+00 -2.464083898e-02  0.000000000e+00 -1.204490240e-03
5.940000000e+00 -2.470464782e-02  0.000000000e+00 -1.196687031e-03
5.950000000e+00 -2.476834954e-02  0.000000000e+00 -1.188839683e-03
5.960000000e+00 -2.483194314e-02  0.000000000e+00 -1.180948590e-03
5.970000000e+00 -2.489542765e-02  0.000000000e+00 -1.173014145e-03
5.980000000e+00 -2.495880208e-02  0.000000000e+00 -1.165036746e-03
5.990000000e+00 -2.502206544e-02  0.000000000e+00 -1.157016793e-03
6.000000000e+00 -2.508521677e-02  0.000000000e+00 -1.148954688e-03
6.010000000e+00 -2.514825510e-02  0.000000000e+00 -1.140850838e-03
6.020000000e+00 -2.521117946e-02  0.000000000e+00 -1.132705650e-03
6.030000000e+00 -2.527398888e-02  0.000000000e+00 -1.124519533e-03
6.040000000e+00 -2.533668240e-02  0.000000000e+00 -1.116292902e-03
6.050000000e+00 -2.539925907e-02  0.000000000e+00 -1.108026170e-03
6.060000000e+00 -2.546171793e-02  0.000000000e+00 -1.099719756e-03
6.070000000e+00 -2.552405804e-02  0.000000000e+00 -1.091374080e-03
6.080000000e+00 -2.558627844e-02  0.000000000e+00 -1.082989565e-03
6.090000000e+00 -2.564837819e-02  0.000000000e+00 -1.074566634e-03
6.100000000e+00 -2.571035636e-02  0.000000000e+00 -1.066105716e-03
6.110000000e+00 -2.577221201e-02  0.000000000e+00 -1.057607238e-03
6.120000000e+00 -2.583394421e-02  0.000000000e+00 -1.049071634e-03
6.130000000e+00 -2.589555202e-02  0.000000000e+00 -1.040499336e-03
6.140000000e+00 -2.595703454e-02  0.000000000e+00 -1.031890781e-03
6.150000000e+00 -2.601839083e-02  0.000000000e+00 -1.023246406e-03
6.160000000e+00 -2.607961998e-02  0.000000000e+00 -1.014566652e-03
6.170000000e+00 -2.614072109e-02  0.000000000e+00 -1.005851962e-03
6.180000000e+00 -2.620169323e-02  0.000000000e+00 -9.971027780e-04
6.190000000e+00 -2.626253551e-02  0.000000000e+00 -9.883195479e-04
6.200000000e+00 -2.632324702e-02  0.000000000e+00 -9.795027196e-04
6.210000000e+00 -2.638382688e-02  0.000000000e+00 -9.706527432e-04
6.220000000e+00 -2.644427418e-02  0.000000000e+00 -9.617700708e-04
6.230000000e+00 -2.650458804e-02  0.000000000e+00 -9.528551564e-04
6.240000000e+00 -2.656476758e-02  0.000000000e+00 -9.439084556e-04
6.250000000e+00 -2.662481191e-02  0.000000000e+00 -9.349304262e-04
6.260000000e+00 -2.668472016e-02  0.000000000e+00 -9.259215274e-04
6.270000000e+00 -2.674449146e-02  0.000000000e+00 -9.168822204e-04
6.280000000e+00 -2.680412493e-02  0.000000000e+00 -9.078129678e-04
6.290000000e+00 -2.686361973e-02  0.000000000e+00 -8.987142342e-04
6.300000000e+00 -2.692297497e-02  0.000000000e+00 -8.895864856e-04
6.310000000e+00 -2.698218982e-02  0.000000000e+00 -8.804301897e-04
6.320000000e+00 -2.704126342e-02  0.000000000e+00 -8.712458156e-04
6.330000000e+00 -2.710019492e-02  0.000000000e+00 -8.620338341e-04
6.340000000e+00 -2.715898349e-02  0.000000000e+00 -8.527947174e-04
6.350000000e+00 -2.721762828e-02  0.000000000e+00 -8.435289392e-04
6.360000000e+00 -2.727612846e-02  0.000000000e+00 -8.342369746e-04
6.370000000e+00 -2.733448320e-02  0.000000000e+00 -8.249193001e-04
6.380000000e+00 -2.739269167e-02  0.000000000e+00 -8.155763933e-04
6.390000000e+00 -2.745075307e-02  0.000000000e+00 -8.062087336e-04
6.400000000e+00 -2.750866656e-02  0.000000000e+00 -7.968168011e-04
6.410000000e+00 -2.756643134e-02  0.000000000e+00 -7.874010776e-04
6.420000000e+00 -2.762404660e-02  0.000000000e+00 -7.779620459e-04
6.430000000e+00 -2.768151155e-02  0.000000000e+00 -7.685001900e-04
6.440000000e+00 -2.773882537e-02  0.000000000e+00 -7.590159949e-04
6.450000000e+00 -2.779598729e-02  0.000000000e+00 -7.495099468e-04
6.460000000e+00 -2.785299650e-02  0.000000000e+00 -7.399825330e-04
6.470000000e+00 -2.790985223e-02  0.000000000e+00 -7.304342418e-04
6.480000000e+00 -2.796655370e-02  0.000000000e+00 -7.208655623e-04
6.490000000e+00 -2.802310012e-02  0.000000000e+00 -7.112769848e-04
6.500000000e+00 -2.807949074e-02  0.000000000e+00 -7.016690004e-04
6.510000000e+00 -2.813572479e-02  0.000000000e+00 -6.920421009e-04
6.520000000e+00 -2.819180150e-02  0.000000000e+00 -6.823967792e-04
6.530000000e+00 -2.824772012e-02  0.000000000e+00 -6.727335289e-04
6.540000000e+00 -2.830347990e-02  0.000000000e+00 -6.630528442e-04
6.550000000e+00 -2.835908009e-02  0.000000000e+00 -6.533552202e-04
6.560000000e+00 -2.841451995e-02  0.000000000e+00 -6.436411527e-04
6.570000000e+00 -2.846979874e-02  0.000000000e+00 -6.339111380e-04
6.580000000e+00 -2.852491574e-02  0.000000000e+00 -6.241656730e-04
6.590000000e+00 -2.857987021e-02  0.000000000e+00 -6.144052554e-04
6.600000000e+00 -2.863466143e-02  0.000000000e+00 -6.046303831e-04
6.610000000e+00 -2.868928869e-02  0.000000000e+00 -5.948415548e-04
6.620000000e+00 -2.874375127e-02  0.000000000e+00 -5.850392695e-04
6.630000000e+00 -2.879804846e-02  0.000000000e+00 -5.752240265e-04
6.640000000e+00 -2.885217957e-02  0.000000000e+00 -5.653963258e-04
6.650000000e+00 -2.890614389e-02  0.000000000e+00 -5.555566674e-04
6.660000000e+00 -2.895994074e-02  0.000000000e+00 -5.457055519e-04
6.670000000e+00 -2.901356942e-02  0.000000000e+00 -5.358434799e-04
6.680000000e+00 -2.906702926e-02  0.000000000e+00 -5.259709524e-04
6.690000000e+00 -2.912031957e-02  0.000000000e+00 -5.160884705e-04
6.700000000e+00 -2.917343969e-02  0.000000000e+00 -5.061965355e-04
6.710000000e+00 -2.922638894e-02  0.000000000e+00 -4.962956489e-04
6.720000000e+00 -2.927916666e-02  0.000000000e+00 -4.863863120e-04
6.730000000e+00 -2.933177221e-02  0.000000000e+00 -4.764690265e-04
6.740000000e+00 -2.938420492e-02  0.000000000e+00 -4.665442937e-04
6.750000000e+00 -2.943646415e-02  0.000000000e+00 -4.566126153e-04
6.760000000e+00 -2.948854926e-02  0.000000000e+00 -4.466744926e-04
6.770000000e+00 -2.954045961e-02  0.000000000e+00 -4.367304268e-04
6.780000000e+00 -2.959219457e-02  0.000000000e+00 -4.267809192e-04
6.790000000e+00 -2.964375352e-02  0.000000000e+00 -4.168264705e-04
6.800000000e+00 -2.969513584e-02  0.000000000e+00 -4.068675816e-04
6.810000000e+00 -2.974634090e-02  0.000000000e+00 -3.969047529e-04
6.820000000e+00 -2.979736811e-02  0.000000000e+00 -3.869384845e-04
6.830000000e+00 -2.984821686e-02  0.000000000e+00 -3.769692762e-04
6.840000000e+00 -2.989888654e-02  0.000000000e+00 -3.669976274e-04
6.850000000e+00 -2.994937657e-02  0.000000000e+00 -3.570240372e-04
6.860000000e+00 -2.999968635e-02  0.000000000e+00 -3.470490039e-04
6.870000000e+00 -3.004981530e-02  0.000000000e+00 -3.370730257e-04
6.880000000e+00 -3.009976286e-02  0.000000000e+00 -3.270966001e-04
6.890000000e+00 -3.014952843e-02  0.000000000e+00 -3.171202239e-04
6.900000000e+00 -3.019911147e-02  0.000000000e+00 -3.071443936e-04
6.910000000e+00 -3.024851140e-02  0.000000000e+00 -2.971696047e-04
6.920000000e+00 -3.029772767e-02  0.000000000e+00 -2.871963523e-04
6.930000000e+00 -3.034675974e-02  0.000000000e+00 -2.772251307e-04
6.940000000e+00 -3.039560705e-02  0.000000000e+00 -2.672564333e-04
6.950000000e+00 -3.044426906e-02  0.000000000e+00 -2.572907528e-04
6.960000000e+00 -3.049274526e-02  0.000000000e+00 -2.473285812e-04
6.970000000e+00 -3.054103510e-02  0.000000000e+00 -2.373704094e-04
6.980000000e+00 -3.058913806e-02  0.000000000e+00 -2.274167274e-04
6.990000000e+00 -3.063705364e-02  0.000000000e+00 -2.174680246e-04
7.000000000e+00 -3.068478131e-02  0.000000000e+00 -2.075247889e-04
7.010000000e+00 -3.073232057e-02  0.000000000e+00 -1.975875076e-04
7.020000000e+00 -3.077967093e-02  0.000000000e+00 -1.876566667e-04
7.030000000e+00 -3.082683188e-02  0.000000000e+00 -1.777327512e-04
7.040000000e+00 -3.087380294e-02  0.000000000e+00 -1.678162449e-04
7.050000000e+00 -3.092058364e-02  0.000000000e+00 -1.579076306e-04
7.060000000e+00 -3.096717348e-02  0.000000000e+00 -1.480073896e-04
7.070000000e+00 -3.101357201e-02  0.000000000e+00 -1.381160022e-04
7.080000000e+00 -3.105977875e-02  0.000000000e+00 -1.282339473e-04
7.090000000e+00 -3.110579325e-02  0.000000000e+00 -1.183617026e-04
7.100000000e+00 -3.115161504e-02  0.000000000e+00 -1.084997443e-04
7.110000000e+00 -3.119724370e-02  0.000000000e+00 -9.864854726e-05
7.120000000e+00 -3.124267877e-02  0.000000000e+00 -8.880858501e-05
7.130000000e+00 -3.128791981e-02  0.000000000e+00 -7.898032949e-05
7.140000000e+00 -3.133296640e-02  0.000000000e+00 -6.916425119e-05
7.150000000e+00 -3.137781811e-02  0.000000000e+00 -5.936081907e-05
7.160000000e+00 -3.142247453e-02  0.000000000e+00 -4.957050049e-05
7.170000000e+00 -3.146693523e-02  0.000000000e+00 -3.979376125e-05
7.180000000e+00 -3.151119982e-02  0.000000000e+00 -3.003106545e-05
7.190000000e+00 -3.155526790e-02  0.000000000e+00 -2.028287557e-05
7.200000000e+00 -3.159913907e-02  0.000000000e+00 -1.054965232e-05
7.210000000e+00 -3.164281293e-02  0.000000000e+00 -8.318547034e-07
7.220000000e+00 -3.168628912e-02  0.000000000e+00  8.870060082e-06
7.230000000e+00 -3.172956724e-02  0.000000000e+00  1.855563665e-05
7.240000000e+00 -3.177264694e-02  0.000000000e+00  2.822442149e-05
7.250000000e+00 -3.181552784e-02  0.000000000e+00  3.787596294e-05
7.260000000e+00 -3.185820959e-02  0.000000000e+00  4.750981130e-05
7.270000000e+00 -3.190069184e-02  0.000000000e+00  5.712551881e-05
7.280000000e+00 -3.194297424e-02  0.000000000e+00  6.672263972e-05
7.290000000e+00 -3.198505644e-02  0.000000000e+00  7.630073029e-05
7.300000000e+00 -3.202693812e-02  0.000000000e+00  8.585934884e-05
7.310000000e+00 -3.206861895e-02  0.000000000e+00  9.539805581e-05
7.320000000e+00 -3.211009860e-02  0.000000000e+00  1.049164138e-04
7.330000000e+00 -3.215137677e-02  0.000000000e+00  1.144139874e-04
7.340000000e+00 -3.219245313e-02  0.000000000e+00  1.238903436e-04
7.350000000e+00 -3.223332739e-02  0.000000000e+00  1.333450516e-04
7.360000000e+00 -3.227399925e-02  0.000000000e+00  1.427776828e-04
7.370000000e+00 -3.231446842e-02  0.000000000e+00  1.521878108e-04
7.380000000e+00 -3.235473461e-02  0.000000000e+00  1.615750117e-04
7.390000000e+00 -3.239479755e-02  0.000000000e+00  1.709388640e-04
7.400000000e+00 -3.243465697e-02  0.000000000e+00  1.802789483e-04
7.410000000e+00 -3.247431260e-02  0.000000000e+00  1.895948480e-04
7.420000000e+00 -3.251376417e-02  0.000000000e+00  1.988861487e-04
7.430000000e+00 -3.255301144e-02  0.000000000e+00  2.081524386e-04
7.440000000e+00 -3.259205417e-02  0.000000000e+00  2.173933084e-04
7.450000000e+00 -3.263089210e-02  0.000000000e+00  2.266083513e-04
7.460000000e+00 -3.266952501e-02  0.000000000e+00  2.357971633e-04
7.470000000e+00 -3.270795267e-02  0.000000000e+00  2.449593426e-04
7.480000000e+00 -3.274617486e-02  0.000000000e+00  2.540944906e-04
7.490000000e+00 -3.278419136e-02  0.000000000e+00  2.632022110e-04
7.500000000e+00 -3.282200196e-02  0.000000000e+00  2.722821102e-04
7.510000000e+00 -3.285960647e-02  0.000000000e+00  2.813337975e-04
7.520000000e+00 -3.289700468e-02  0.000000000e+00  2.903568850e-04
7.530000000e+00 -3.293419642e-02  0.000000000e+00  2.993509875e-04
7.540000000e+00 -3.297118149e-02  0.000000000e+00  3.083157225e-04
7.550000000e+00 -3.300795973e-02  0.000000000e+00  3.172507108e-04
7.560000000e+00 -3.304453095e-02  0.000000000e+00  3.261555756e-04
7.570000000e+00 -3.308089501e-02  0.000000000e+00  3.350299434e-04
7.580000000e+00 -3.311705174e-02  0.000000000e+00  3.438734433e-04
7.590000000e+00 -3.315300100e-02  0.000000000e+00  3.526857077e-04
7.600000000e+00 -3.318874263e-02  0.000000000e+00  3.614663719e-04
7.610000000e+00 -3.322427651e-02  0.000000000e+00  3.702150741e-04
7.620000000e+00 -3.325960251e-02  0.000000000e+00  3.789314558e-04
7.630000000e+00 -3.329472050e-02  0.000000000e+00  3.876151614e-04
7.640000000e+00 -3.332963037e-02  0.000000000e+00  3.962658385e-04
7.650000000e+00 -3.336433200e-02  0.000000000e+00  4.048831380e-04
7.660000000e+00 -3.339882530e-02  0.000000000e+00  4.134667136e-04
7.670000000e+00 -3.343311016e-02  0.000000000e+00  4.220162226e-04
7.680000000e+00 -3.346718651e-02  0.000000000e+00  4.305313254e-04
7.690000000e+00 -3.350105425e-02  0.000000000e+00  4.390116855e-04
7.700000000e+00 -3.353471331e-02  0.000000000e+00  4.474569698e-04
7.710000000e+00 -3.356816362e-02  0.000000000e+00  4.558668486e-04
7.720000000e+00 -3.360140512e-02  0.000000000e+00  4.642409955e-04
7.730000000e+00 -3.363443775e-02  0.000000000e+00  4.725790874e-04
7.740000000e+00 -3.366726147e-02  0.000000000e+00  4.808808045e-04
7.750000000e+00 -3.369987623e-02  0.000000000e+00  4.891458307e-04
7.760000000e+00 -3.373228200e-02  0.000000000e+00  4.973738531e-04
7.770000000e+00 -3.376447874e-02  0.000000000e+00  5.055645623e-04
7.780000000e+00 -3.379646645e-02  0.000000000e+00  5.137176525e-04
7.790000000e+00 -3.382824510e-02  0.000000000e+00  5.218328213e-04
7.800000000e+00 -3.385981469e-02  0.000000000e+00  5.299097699e-04
7.810000000e+00 -3.389117522e-02  0.000000000e+00  5.379482030e-04
7.820000000e+00 -3.392232668e-02  0.000000000e+00  5.459478291e-04
7.830000000e+00 -3.395326911e-02  0.000000000e+00  5.539083599e-04
7.840000000e+00 -3.398400251e-02  0.000000000e+00  5.618295112e-04
7.850000000e+00 -3.401452692e-02  0.000000000e+00  5.697110020e-04
7.860000000e+00 -3.404484237e-02  0.000000000e+00  5.775525555e-04
7.870000000e+00 -3.407494891e-02  0.000000000e+00  5.853538981e-04
7.880000000e+00 -3.410484657e-02  0.000000000e+00  5.931147602e-04
7.890000000e+00 -3.413453542e-02  0.000000000e+00  6.008348758e-04
7.900000000e+00 -3.416401552e-02  0.000000000e+00  6.085139829e-04
7.910000000e+00 -3.419328694e-02  0.000000000e+00  6.161518231e-04
7.920000000e+00 -3.422234976e-02  0.000000000e+00  6.237481419e-04
7.930000000e+00 -3.425120406e-02  0.000000000e+00  6.313026884e-04
7.940000000e+00 -3.427984993e-02  0.000000000e+00  6.388152159e-04
7.950000000e+00 -3.430828748e-02  0.000000000e+00  6.462854814e-04
7.960000000e+00 -3.433651681e-02  0.000000000e+00  6.537132457e-04
7.970000000e+00 -3.436453802e-02  0.000000000e+00  6.610982737e-04
7.980000000e+00 -3.439235125e-02  0.000000000e+00  6.684403340e-04
7.990000000e+00 -3.441995662e-02  0.000000000e+00  6.757391995e-04
8.000000000e+00 -3.444735427e-02  0.000000000e+00  6.829946468e-04
8.010000000e+00 -3.447454433e-02  0.000000000e+00  6.902064565e-04
8.020000000e+00 -3.450152697e-02  0.000000000e+00  6.973744133e-04
8.030000000e+00 -3.452830232e-02  0.000000000e+00  7.044983058e-04
8.040000000e+00 -3.455487057e-02  0.000000000e+00  7.115779269e-04
8.050000000e+00 -3.458123188e-02  0.000000000e+00  7.186130733e-04
8.060000000e+00 -3.460738643e-02  0.000000000e+00  7.256035458e-04
8.070000000e+00 -3.463333441e-02  0.000000000e+00  7.325491494e-04
8.080000000e+00 -3.465907601e-02  0.000000000e+00  7.394496933e-04
8.090000000e+00 -3.468461143e-02  0.000000000e+00  7.463049906e-04
8.100000000e+00 -3.470994089e-02  0.000000000e+00  7.531148586e-04
8.110000000e+00 -3.473506460e-02  0.000000000e+00  7.598791190e-04
8.120000000e+00 -3.475998278e-02  0.000000000e+00  7.665975973e-04
8.130000000e+00 -3.478469566e-02  0.000000000e+00  7.732701234e-04
8.140000000e+00 -3.480920349e-02  0.000000000e+00  7.798965315e-04
8.150000000e+00 -3.483350651e-02  0.000000000e+00  7.864766599e-04
8.160000000e+00 -3.485760498e-02  0.000000000e+00  7.930103511e-04
8.170000000e+00 -3.488149916e-02  0.000000000e+00  7.994974519e-04
8.180000000e+00 -3.490518931e-02  0.000000000e+00  8.059378134e-04
8.190000000e+00 -3.492867572e-02  0.000000000e+00  8.123312909e-04
8.200000000e+00 -3.495195867e-02  0.000000000e+00  8.186777440e-04
8.210000000e+00 -3.497503845e-02  0.000000000e+00  8.249770368e-04
8.220000000e+00 -3.499791536e-02  0.000000000e+00  8.312290374e-04
8.230000000e+00 -3.502058972e-02  0.000000000e+00  8.374336185e-04
8.240000000e+00 -3.504306184e-02  0.000000000e+00  8.435906570e-04
8.250000000e+00 -3.506533203e-02  0.000000000e+00  8.497000342e-04
8.260000000e+00 -3.508740064e-02  0.000000000e+00  8.557616357e-04
8.270000000e+00 -3.510926801e-02  0.000000000e+00  8.617753516e-04
8.280000000e+00 -3.513093447e-02  0.000000000e+00  8.677410763e-04
8.290000000e+00 -3.515240039e-02  0.000000000e+00  8.736587086e-04
8.300000000e+00 -3.517366613e-02  0.000000000e+00  8.795281518e-04
8.310000000e+00 -3.519473205e-02  0.000000000e+00  8.853493135e-04
8.320000000e+00 -3.521559855e-02  0.000000000e+00  8.911221058e-04
8.330000000e+00 -3.523626600e-02  0.000000000e+00  8.968464452e-04
8.340000000e+00 -3.525673480e-02  0.000000000e+00  9.025222528e-04
8.350000000e+00 -3.527700535e-02  0.000000000e+00  9.081494539e-04
8.360000000e+00 -3.529707807e-02  0.000000000e+00  9.137279784e-04
8.370000000e+00 -3.531695337e-02  0.000000000e+00  9.192577608e-04
8.380000000e+00 -3.533663168e-02  0.000000000e+00  9.247387399e-04
8.390000000e+00 -3.535611343e-02  0.000000000e+00  9.301708590e-04
8.400000000e+00 -3.537539908e-02  0.000000000e+00  9.355540660e-04
8.410000000e+00 -3.539448906e-02  0.000000000e+00  9.408883133e-04
8.420000000e+00 -3.541338384e-02  0.000000000e+00  9.461735577e-04
8.430000000e+00 -3.543208389e-02  0.000000000e+00  9.514097607e-04
8.440000000e+00 -3.545058968e-02  0.000000000e+00  9.565968882e-04
8.450000000e+00 -3.546890170e-02  0.000000000e+00  9.617349106e-04
8.460000000e+00 -3.548702043e-02  0.000000000e+00  9.668238029e-04
8.470000000e+00 -3.550494639e-02  0.000000000e+00  9.718635447e-04
8.480000000e+00 -3.552268008e-02  0.000000000e+00  9.768541200e-04
8.490000000e+00 -3.554022201e-02  0.000000000e+00  9.817955176e-04
8.500000000e+00 -3.555757271e-02  0.000000000e+00  9.866877306e-04
8.510000000e+00 -3.557473273e-02  0.000000000e+00  9.915307568e-04
8.520000000e+00 -3.559170258e-02  0.000000000e+00  9.963245986e-04
8.530000000e+00 -3.560848284e-02  0.000000000e+00  1.001069263e-03
8.540000000e+00 -3.562507406e-02  0.000000000e+00  1.005764761e-03
8.550000000e+00 -3.564147680e-02  0.000000000e+00  1.010411109e-03
8.560000000e+00 -3.565769165e-02  0.000000000e+00  1.015008328e-03
8.570000000e+00 -3.567371919e-02  0.000000000e+00  1.019556443e-03
8.580000000e+00 -3.568956000e-02  0.000000000e+00  1.024055484e-03
8.590000000e+00 -3.570521470e-02  0.000000000e+00  1.028505485e-03
8.600000000e+00 -3.572068389e-02  0.000000000e+00  1.032906485e-03
8.610000000e+00 -3.573596819e-02  0.000000000e+00  1.037258528e-03
8.620000000e+00 -3.575106824e-02  0.000000000e+00  1.041561662e-03
8.630000000e+00 -3.576598466e-02  0.000000000e+00  1.045815939e-03
8.640000000e+00 -3.578071810e-02  0.000000000e+00  1.050021418e-03
8.650000000e+00 -3.579526922e-02  0.000000000e+00  1.054178161e-03
8.660000000e+00 -3.580963867e-02  0.000000000e+00  1.058286233e-03
8.670000000e+00 -3.582382714e-02  0.000000000e+00  1.062345706e-03
8.680000000e+00 -3.583783529e-02  0.000000000e+00  1.066356656e-03
8.690000000e+00 -3.585166383e-02  0.000000000e+00  1.070319163e-03
8.700000000e+00 -3.586531344e-02  0.000000000e+00  1.074233312e-03
8.710000000e+00 -3.587878483e-02  0.000000000e+00  1.078099193e-03
8.720000000e+00 -3.589207872e-02  0.000000000e+00  1.081916900e-03
8.730000000e+00 -3.590519584e-02  0.000000000e+00  1.085686532e-03
8.740000000e+00 -3.591813691e-02  0.000000000e+00  1.089408192e-03
8.750000000e+00 -3.593090268e-02  0.000000000e+00  1.093081988e-03
8.760000000e+00 -3.594349390e-02  0.000000000e+00  1.096708032e-03
8.770000000e+00 -3.595591134e-02  0.000000000e+00  1.100286442e-03
8.780000000e+00 -3.596815575e-02  0.000000000e+00  1.103817340e-03
8.790000000e+00 -3.598022793e-02  0.000000000e+00  1.107300852e-03
8.800000000e+00 -3.599212865e-02  0.000000000e+00  1.110737108e-03
8.810000000e+00 -3.600385872e-02  0.000000000e+00  1.114126244e-03
8.820000000e+00 -3.601541893e-02  0.000000000e+00  1.117468401e-03
8.830000000e+00 -3.602681011e-02  0.000000000e+00  1.120763722e-03
8.840000000e+00 -3.603803309e-02  0.000000000e+00  1.124012356e-03
8.850000000e+00 -3.604908868e-02  0.000000000e+00  1.127214459e-03
8.860000000e+00 -3.605997775e-02  0.000000000e+00  1.130370187e-03
8.870000000e+00 -3.607070113e-02  0.000000000e+00  1.133479704e-03
8.880000000e+00 -3.608125970e-02  0.000000000e+00  1.136543176e-03
8.890000000e+00 -3.609165431e-02  0.000000000e+00  1.139560777e-03
8.900000000e+00 -3.610188586e-02  0.000000000e+00  1.142532681e-03
8.910000000e+00 -3.611195523e-02  0.000000000e+00  1.145459071e-03
8.920000000e+00 -3.612186333e-02  0.000000000e+00  1.148340131e-03
8.930000000e+00 -3.613161105e-02  0.000000000e+00  1.151176052e-03
8.940000000e+00 -3.614119933e-02  0.000000000e+00  1.153967028e-03
8.950000000e+00 -3.615062908e-02  0.000000000e+00  1.156713258e-03
8.960000000e+00 -3.615990124e-02  0.000000000e+00  1.159414946e-03
8.970000000e+00 -3.616901677e-02  0.000000000e+00  1.162072299e-03
8.980000000e+00 -3.617797661e-02  0.000000000e+00  1.164685530e-03
8.990000000e+00 -3.618678174e-02  0.000000000e+00  1.167254856e-03
9.000000000e+00 -3.619543313e-02  0.000000000e+00  1.169780499e-03
9.010000000e+00 -3.620393176e-02  0.000000000e+00  1.172262683e-03
9.020000000e+00 -3.621227864e-02  0.000000000e+00  1.174701640e-03
9.030000000e+00 -3.622047476e-02  0.000000000e+00  1.177097604e-03
9.040000000e+00 -3.622852114e-02  0.000000000e+00  1.179450815e-03
9.050000000e+00 -3.623641881e-02  0.000000000e+00  1.181761515e-03
9.060000000e+00 -3.624416880e-02  0.000000000e+00  1.184029953e-03
9.070000000e+00 -3.625177215e-02  0.000000000e+00  1.186256382e-03
9.080000000e+00 -3.625922993e-02  0.000000000e+00  1.188441058e-03
9.090000000e+00 -3.626654319e-02  0.000000000e+00  1.190584243e-03
9.100000000e+00 -3.627371300e-02  0.000000000e+00  1.192686202e-03
9.110000000e+00 -3.628074046e-02  0.000000000e+00  1.194747205e-03
9.120000000e+00 -3.628762666e-02  0.000000000e+00  1.196767526e-03
9.130000000e+00 -3.629437270e-02  0.000000000e+00  1.198747445e-03
9.140000000e+00 -3.630097969e-02  0.000000000e+00  1.200687244e-03
9.150000000e+00 -3.630744877e-02  0.000000000e+00  1.202587210e-03
9.160000000e+00 -3.631378106e-02  0.000000000e+00  1.204447636e-03
9.170000000e+00 -3.631997771e-02  0.000000000e+00  1.206268817e-03
9.180000000e+00 -3.632603988e-02  0.000000000e+00  1.208051054e-03
9.190000000e+00 -3.633196872e-02  0.000000000e+00  1.209794651e-03
9.200000000e+00 -3.633776543e-02  0.000000000e+00  1.211499918e-03
9.210000000e+00 -3.634343118e-02  0.000000000e+00  1.213167167e-03
9.220000000e+00 -3.634896716e-02  0.000000000e+00  1.214796716e-03
9.230000000e+00 -3.635437460e-02  0.000000000e+00  1.216388887e-03
9.240000000e+00 -3.635965469e-02  0.000000000e+00  1.217944005e-03
9.250000000e+00 -3.636480868e-02  0.000000000e+00  1.219462401e-03
9.260000000e+00 -3.636983779e-02  0.000000000e+00  1.220944409e-03
9.270000000e+00 -3.637474329e-02  0.000000000e+00  1.222390369e-03
9.280000000e+00 -3.637952642e-02  0.000000000e+00  1.223800622e-03
9.290000000e+00 -3.638418845e-02  0.000000000e+00  1.225175515e-03
9.300000000e+00 -3.638873067e-02  0.000000000e+00  1.226515401e-03
9.310000000e+00 -3.639315436e-02  0.000000000e+00  1.227820634e-03
9.320000000e+00 -3.639746084e-02  0.000000000e+00  1.229091574e-03
9.330000000e+00 -3.640165140e-02  0.000000000e+00  1.230328584e-03
9.340000000e+00 -3.640572738e-02  0.000000000e+00  1.231532033e-03
9.350000000e+00 -3.640969010e-02  0.000000000e+00  1.232702292e-03
9.360000000e+00 -3.641354091e-02  0.000000000e+00  1.233839737e-03
9.370000000e+00 -3.641728116e-02  0.000000000e+00  1.234944749e-03
9.380000000e+00 -3.642091223e-02  0.000000000e+00  1.236017712e-03
9.390000000e+00 -3.642443549e-02  0.000000000e+00  1.237059013e-03
9.400000000e+00 -3.642785232e-02  0.000000000e+00  1.238069046e-03
9.410000000e+00 -3.643116412e-02  0.000000000e+00  1.239048207e-03
9.420000000e+00 -3.643437231e-02  0.000000000e+00  1.239996897e-03
9.430000000e+00 -3.643747830e-02  0.000000000e+00  1.240915519e-03
9.440000000e+00 -3.644048352e-02  0.000000000e+00  1.241804483e-03
9.450000000e+00 -3.644338942e-02  0.000000000e+00  1.242664200e-03
9.460000000e+00 -3.644619746e-02  0.000000000e+00  1.243495089e-03
9.470000000e+00 -3.644890908e-02  0.000000000e+00  1.244297569e-03
9.480000000e+00 -3.645152578e-02  0.000000000e+00  1.245072064e-03
9.490000000e+00 -3.645404904e-02  0.000000000e+00  1.245819004e-03
9.500000000e+00 -3.645648035e-02  0.000000000e+00  1.246538821e-03
9.510000000e+00 -3.645882123e-02  0.000000000e+00  1.247231951e-03
9.520000000e+00 -3.646107320e-02  0.000000000e+00  1.247898834e-03
9.530000000e+00 -3.646323778e-02  0.000000000e+00  1.248539916e-03
9.540000000e+00 -3.646531653e-02  0.000000000e+00  1.249155643e-03
9.550000000e+00 -3.646731098e-02  0.000000000e+00  1.249746469e-03
9.560000000e+00 -3.646922272e-02  0.000000000e+00  1.250312850e-03
9.570000000e+00 -3.647105332e-02  0.000000000e+00  1.250855244e-03
9.580000000e+00 -3.647280437e-02  0.000000000e+00  1.251374117e-03
9.590000000e+00 -3.647447746e-02  0.000000000e+00  1.251869936e-03
9.600000000e+00 -3.647607422e-02  0.000000000e+00  1.252343172e-03
9.610000000e+00 -3.647759625e-02  0.000000000e+00  1.252794301e-03
9.620000000e+00 -3.647904521e-02  0.000000000e+00  1.253223802e-03
9.630000000e+00 -3.648042272e-02  0.000000000e+00  1.253632158e-03
9.640000000e+00 -3.648173046e-02  0.000000000e+00  1.254019856e-03
9.650000000e+00 -3.648297009e-02  0.000000000e+00  1.254387387e-03
9.660000000e+00 -3.648414329e-02  0.000000000e+00  1.254735246e-03
9.670000000e+00 -3.648525176e-02  0.000000000e+00  1.255063930e-03
9.680000000e+00 -3.648629720e-02  0.000000000e+00  1.255373942e-03
9.690000000e+00 -3.648728132e-02  0.000000000e+00  1.255665788e-03
9.700000000e+00 -3.648820586e-02  0.000000000e+00  1.255939978e-03
9.710000000e+00 -3.648907256e-02  0.000000000e+00  1.256197025e-03
9.720000000e+00 -3.648988316e-02  0.000000000e+00  1.256437446e-03
9.730000000e+00 -3.649063943e-02  0.000000000e+00  1.256661763e-03
9.740000000e+00 -3.649134315e-02  0.000000000e+00  1.256870500e-03
9.750000000e+00 -3.649199610e-02  0.000000000e+00  1.257064186e-03
9.760000000e+00 -3.649260009e-02  0.000000000e+00  1.257243354e-03
9.770000000e+00 -3.649315693e-02  0.000000000e+00  1.257408538e-03
9.780000000e+00 -3.649366843e-02  0.000000000e+00  1.257560280e-03
9.790000000e+00 -3.649413644e-02  0.000000000e+00  1.257699122e-03
9.800000000e+00 -3.649456280e-02  0.000000000e+00  1.257825612e-03
9.810000000e+00 -3.649494938e-02  0.000000000e+00  1.257940301e-03
9.820000000e+00 -3.649529804e-02  0.000000000e+00  1.258043743e-03
9.830000000e+00 -3.649561067e-02  0.000000000e+00  1.258136498e-03
9.840000000e+00 -3.649588917e-02  0.000000000e+00  1.258219127e-03
9.850000000e+00 -3.649613544e-02  0.000000000e+00  1.258292195e-03
9.860000000e+00 -3.649635141e-02  0.000000000e+00  1.258356274e-03
9.870000000e+00 -3.649653901e-02  0.000000000e+00  1.258411935e-03
9.880000000e+00 -3.649670018e-02  0.000000000e+00  1.258459757e-03
9.890000000e+00 -3.649683689e-02  0.000000000e+00  1.258500319e-03
9.900000000e+00 -3.649695110e-02  0.000000000e+00  1.258534206e-03
9.910000000e+00 -3.649704479e-02  0.000000000e+00  1.258562007e-03
9.920000000e+00 -3.649711997e-02  0.000000000e+00  1.258584313e-03
9.930000000e+00 -3.649717864e-02  0.000000000e+00  1.258601721e-03
9.940000000e+00 -3.649722281e-02  0.000000000e+00  1.258614828e-03
9.950000000e+00 -3.649725453e-02  0.000000000e+00  1.258624239e-03
9.960000000e+00 -3.649727583e-02  0.000000000e+00  1.258630560e-03
9.970000000e+00 -3.649728878e-02  0.000000000e+00  1.258634401e-03
9.980000000e+00 -3.649729544e-02  0.000000000e+00  1.258636378e-03
9.990000000e+00 -3.649729790e-02  0.000000000e+00  1.258637108e-03
1.000000000e+01 -3.649729825e-02  0.000000000e+00  1.258637212e-03
