0.000000000e+00 -8.992806499e-18 -3.900000000e-02  6.938893904e-18
1.000000000e-02  3.186340081e-17 -3.900000000e-02 -1.387778781e-17
2.000000000e-02  4.291011990e-17 -3.900000000e-02 -1.387778781e-17
3.000000000e-02 -2.053912596e-18 -3.900000000e-02 -6.245004514e-17
4.000000000e-02 -8.992806499e-18 -3.900000000e-02 -6.245004514e-17
5.000000000e-02 -2.492450690e-17 -3.900000000e-02 -2.775557562e-17
6.000000000e-02 -5.190292640e-17 -3.900000000e-02  6.938893904e-18
7.000000000e-02 -1.798561300e-17 -3.900000000e-02  2.081668171e-17
8.000000000e-02  0.000000000e+00 -3.900000000e-02  4.163336342e-17
9.000000000e-02  4.291011990e-17 -3.900000000e-02 -1.387778781e-17
1.000000000e-01  1.593170040e-17 -3.900000000e-02 -2.775557562e-17
1.100000000e-01  1.593170040e-17 -3.900000000e-02 -1.318389842e-16
1.200000000e-01 -2.697841950e-17 -3.900000000e-02 -1.457167720e-16
1.300000000e-01 -3.391731340e-17 -3.900000000e-02 -1.457167720e-16
1.400000000e-01  0.000000000e+00 -3.900000000e-02 -1.665334537e-16
1.500000000e-01  0.000000000e+00 -3.900000000e-02 -9.020562075e-17
1.600000000e-01  6.988853940e-17 -3.900000000e-02 -7.632783294e-17
1.700000000e-01  5.678790771e-17 -3.900000000e-02 -4.857225733e-17
1.800000000e-01 -8.992806499e-18 -3.900000000e-02 -6.245004514e-17
1.900000000e-01 -8.992806499e-18 -3.900000000e-02 -6.245004514e-17
2.000000000e-01 -5.190292640e-17 -3.900000000e-02 -9.020562075e-17
2.100000000e-01 -5.884182031e-17 -3.900000000e-02 -1.040834086e-16
2.200000000e-01 -2.492450690e-17 -3.900000000e-02 -1.040834086e-16
2.300000000e-01 -6.783462680e-17 -3.900000000e-02 -7.632783294e-17
2.400000000e-01 -5.190292640e-17 -3.900000000e-02 -1.526556659e-16
2.500000000e-01 -8.582023980e-17 -3.900000000e-02 -9.020562075e-17
2.600000000e-01 -5.190292640e-17 -3.900000000e-02 -1.040834086e-16
2.700000000e-01 -5.190292640e-17 -3.900000000e-02 -1.040834086e-16
2.800000000e-01 -2.697841950e-17 -3.900000000e-02 -7.632783294e-17
2.900000000e-01 -2.492450690e-17 -3.900000000e-02 -1.040834086e-16
3.000000000e-01 -2.492450690e-17 -3.900000000e-02 -1.040834086e-16
3.100000000e-01 -5.190292640e-17 -3.900000000e-02 -4.857225733e-17
3.200000000e-01 -2.492450690e-17 -3.900000000e-02 -4.857225733e-17
3.300000000e-01 -5.190292640e-17 -3.900000000e-02 -4.857225733e-17
3.400000000e-01 -7.682743330e-17 -3.900000000e-02  6.938893904e-18
3.500000000e-01 -6.578071421e-17 -3.900000000e-02  6.938893904e-18
3.600000000e-01 -1.017519402e-16 -3.900000000e-02 -6.245004514e-17
3.700000000e-01 -1.197375532e-16 -3.900000000e-02 -2.775557562e-17
3.800000000e-01 -1.127986593e-16 -3.900000000e-02  3.469446952e-17
3.900000000e-01 -1.107447467e-16 -3.900000000e-02 -4.857225733e-17
4.000000000e-01 -8.582023980e-17 -3.900000000e-02 -2.775557562e-17
4.100000000e-01 -9.070522111e-17 -3.900000000e-02  6.938893904e-18
4.200000000e-01 -7.682743330e-17 -3.900000000e-02  6.938893904e-18
4.300000000e-01 -8.582023980e-17 -3.900000000e-02 -2.775557562e-17
4.400000000e-01 -1.017519402e-16 -3.900000000e-02 -1.387778781e-17
4.500000000e-01 -1.336153410e-16 -3.900000000e-02  3.469446952e-17
4.600000000e-01 -1.086908341e-16 -3.900000000e-02  6.938893904e-17
4.700000000e-01 -1.266764471e-16 -3.900000000e-02  6.938893904e-17
4.800000000e-01 -1.626476731e-16 -3.900000000e-02  5.551115123e-17
4.900000000e-01 -1.176836406e-16 -3.900000000e-02  4.163336342e-17
5.000000000e-01 -1.356692536e-16 -3.900000000e-02  4.163336342e-17
5.100000000e-01 -1.446620601e-16 -3.900000000e-02  5.551115123e-17
5.200000000e-01 -1.336153410e-16 -3.900000000e-02  1.179611964e-16
5.300000000e-01 -1.605937605e-16 -3.900000000e-02  1.387778781e-16
5.400000000e-01 -1.356692536e-16 -3.900000000e-02  1.734723476e-16
5.500000000e-01 -1.107447467e-16 -3.900000000e-02  1.734723476e-16
5.600000000e-01 -1.017519402e-16 -3.900000000e-02  1.734723476e-16
5.700000000e-01 -7.682743330e-17 -3.900000000e-02  1.873501354e-16
5.800000000e-01 -5.884182031e-17 -3.900000000e-02  1.387778781e-16
5.900000000e-01 -4.291011990e-17 -3.900000000e-02  1.179611964e-16
6.000000000e-01 -6.783462680e-17 -3.900000000e-02  1.040834086e-16
6.100000000e-01 -4.291011990e-17 -3.900000000e-02  1.179611964e-16
6.200000000e-01 -4.984901381e-17 -3.900000000e-02  6.938893904e-17
6.300000000e-01 -7.477352071e-17 -3.900000000e-02  1.040834086e-16
6.400000000e-01 -6.089573290e-17 -3.900000000e-02  1.595945598e-16
6.500000000e-01 -8.582023980e-17 -3.900000000e-02  1.526556659e-16
6.600000000e-01 -7.477352071e-17 -3.900000000e-02  1.318389842e-16
6.700000000e-01 -5.190292640e-17 -3.900000000e-02  1.734723476e-16
6.800000000e-01  1.387778781e-17 -3.900000000e-02  2.428612866e-16
6.900000000e-01  2.492450690e-17 -3.900000000e-02  3.747002708e-16
7.000000000e-01 -6.938893904e-18 -3.900000000e-02  4.093947403e-16
7.100000000e-01  3.391731340e-17 -3.900000000e-02  4.926614672e-16
7.200000000e-01  2.492450690e-17 -3.900000000e-02  5.620504062e-16
7.300000000e-01  4.984901381e-17 -3.900000000e-02  6.591949209e-16
7.400000000e-01  6.938893904e-18 -3.900000000e-02  6.800116026e-16
7.500000000e-01  4.291011990e-17 -3.900000000e-02  7.979727989e-16
7.600000000e-01  6.578071421e-17 -3.900000000e-02  7.494005416e-16
7.700000000e-01  6.783462680e-17 -3.900000000e-02  6.106226635e-16
7.800000000e-01  5.884182031e-17 -3.900000000e-02  5.065392550e-16
7.900000000e-01  8.376632721e-17 -3.900000000e-02  4.579669977e-16
8.000000000e-01  9.969802761e-17 -3.900000000e-02  3.608224830e-16
8.100000000e-01  1.266764471e-16 -3.900000000e-02  3.261280135e-16
8.200000000e-01  1.197375532e-16 -3.900000000e-02  3.261280135e-16
8.300000000e-01  1.017519402e-16 -3.900000000e-02  3.747002708e-16
8.400000000e-01  8.376632721e-17 -3.900000000e-02  4.579669977e-16
8.500000000e-01  6.783462680e-17 -3.900000000e-02  4.232725281e-16
8.600000000e-01  8.376632721e-17 -3.900000000e-02  3.608224830e-16
8.700000000e-01  7.271960811e-17 -3.900000000e-02  3.400058013e-16
8.800000000e-01  4.779510121e-17 -3.900000000e-02  3.885780586e-16
8.900000000e-01  5.884182031e-17 -3.900000000e-02  5.065392550e-16
9.000000000e-01  5.884182031e-17 -3.900000000e-02  4.024558464e-16
9.100000000e-01  4.291011990e-17 -3.900000000e-02  4.718447855e-16
9.200000000e-01  6.578071421e-17 -3.900000000e-02  5.412337245e-16
9.300000000e-01  5.884182031e-17 -3.900000000e-02  5.065392550e-16
9.400000000e-01 -2.053912596e-18 -3.900000000e-02  5.134781489e-16
9.500000000e-01  3.186340081e-17 -3.900000000e-02  5.898059818e-16
9.600000000e-01  3.391731340e-17 -3.900000000e-02  5.273559367e-16
9.700000000e-01  5.884182031e-17 -3.900000000e-02  5.898059818e-16
9.800000000e-01  8.376632721e-17 -3.900000000e-02  5.620504062e-16
9.900000000e-01  6.578071421e-17 -3.900000000e-02  5.412337245e-16
1.000000000e+00  5.190292640e-17 -3.900000000e-02  5.065392550e-16
1.010000000e+00  3.391731340e-17 -3.900000000e-02  4.926614672e-16
1.020000000e+00  7.682743330e-17 -3.900000000e-02  5.759281940e-16
1.030000000e+00  5.884182031e-17 -3.900000000e-02  5.898059818e-16
1.040000000e+00  4.779510121e-17 -3.900000000e-02  5.481726184e-16
1.050000000e+00  3.391731340e-17 -3.900000000e-02  5.481726184e-16
1.060000000e+00  1.017519402e-16 -3.900000000e-02  5.828670879e-16
1.070000000e+00  9.969802761e-17 -3.900000000e-02  5.759281940e-16
1.080000000e+00  1.246225345e-16 -3.900000000e-02  5.828670879e-16
1.090000000e+00  8.376632721e-17 -3.900000000e-02  5.620504062e-16
1.100000000e+00  1.266764471e-16 -3.900000000e-02  5.620504062e-16
1.110000000e+00  1.017519402e-16 -3.900000000e-02  5.412337245e-16
1.120000000e+00  8.376632721e-17 -3.900000000e-02  5.620504062e-16
1.130000000e+00  9.969802761e-17 -3.900000000e-02  5.759281940e-16
1.140000000e+00  5.884182031e-17 -3.900000000e-02  5.620504062e-16
1.150000000e+00  5.884182031e-17 -3.900000000e-02  5.620504062e-16
1.160000000e+00  2.492450690e-17 -3.900000000e-02  6.661338148e-16
1.170000000e+00  3.391731340e-17 -3.900000000e-02  6.800116026e-16
1.180000000e+00  0.000000000e+00 -3.900000000e-02  6.800116026e-16
1.190000000e+00  4.085620731e-17 -3.900000000e-02  7.147060721e-16
1.200000000e+00  4.291011990e-17 -3.900000000e-02  6.591949209e-16
1.210000000e+00  0.000000000e+00 -3.900000000e-02  6.800116026e-16
1.220000000e+00  6.938893904e-18 -3.900000000e-02  6.383782392e-16
1.230000000e+00  6.938893904e-18 -3.900000000e-02  5.759281940e-16
1.240000000e+00  1.593170040e-17 -3.900000000e-02  5.273559367e-16
1.250000000e+00  6.938893904e-18 -3.900000000e-02  5.759281940e-16
1.260000000e+00  8.992806499e-18 -3.900000000e-02  5.273559367e-16
1.270000000e+00  0.000000000e+00 -3.900000000e-02  6.106226635e-16
1.280000000e+00  8.992806499e-18 -3.900000000e-02  5.898059818e-16
1.290000000e+00 -2.003952559e-17 -3.900000000e-02  5.620504062e-16
1.300000000e+00 -1.798561300e-17 -3.900000000e-02  6.245004514e-16
1.310000000e+00 -8.992806499e-18 -3.900000000e-02  5.759281940e-16
1.320000000e+00  3.391731340e-17 -3.900000000e-02  5.273559367e-16
1.330000000e+00  5.190292640e-17 -3.900000000e-02  5.065392550e-16
1.340000000e+00  1.798561300e-17 -3.900000000e-02  4.926614672e-16
1.350000000e+00 -2.053912596e-18 -3.900000000e-02  5.134781489e-16
1.360000000e+00  1.798561300e-17 -3.900000000e-02  4.926614672e-16
1.370000000e+00 -2.053912596e-18 -3.900000000e-02  5.134781489e-16
1.380000000e+00  1.593170040e-17 -3.900000000e-02  4.232725281e-16
1.390000000e+00  1.593170040e-17 -3.900000000e-02  3.261280135e-16
1.400000000e+00  1.798561300e-17 -3.900000000e-02  3.747002708e-16
1.410000000e+00  8.992806499e-18 -3.900000000e-02  4.232725281e-16
1.420000000e+00  1.593170040e-17 -3.900000000e-02  4.232725281e-16
1.430000000e+00  3.186340081e-17 -3.900000000e-02  4.579669977e-16
1.440000000e+00  3.391731340e-17 -3.900000000e-02  4.926614672e-16
1.450000000e+00  4.085620731e-17 -3.900000000e-02  4.926614672e-16
1.460000000e+00  2.492450690e-17 -3.900000000e-02  4.579669977e-16
1.470000000e+00 -2.053912596e-18 -3.900000000e-02  5.134781489e-16
1.480000000e+00 -2.053912596e-18 -3.900000000e-02  5.134781489e-16
1.490000000e+00  8.992806499e-18 -3.900000000e-02  4.926614672e-16
1.500000000e+00  1.798561300e-17 -3.900000000e-02  4.926614672e-16
1.510000000e+00  8.992806499e-18 -3.900000000e-02  4.232725281e-16
1.520000000e+00  3.186340081e-17 -3.900000000e-02  4.579669977e-16
1.530000000e+00 -6.938893904e-18 -3.900000000e-02  4.093947403e-16
1.540000000e+00 -1.798561300e-17 -3.900000000e-02  4.926614672e-16
1.550000000e+00 -7.682743330e-17 -3.900000000e-02  4.302114220e-16
1.560000000e+00 -7.682743330e-17 -3.900000000e-02  4.579669977e-16
1.570000000e+00 -1.197375532e-16 -3.900000000e-02  4.718447855e-16
1.580000000e+00 -1.107447467e-16 -3.900000000e-02  5.065392550e-16
1.590000000e+00 -1.107447467e-16 -3.900000000e-02  4.579669977e-16
1.600000000e+00 -1.356692536e-16 -3.900000000e-02  4.024558464e-16
1.610000000e+00 -1.426081475e-16 -3.900000000e-02  3.608224830e-16
1.620000000e+00 -1.875721800e-16 -3.900000000e-02  4.093947403e-16
1.630000000e+00 -2.194355808e-16 -3.900000000e-02  4.232725281e-16
1.640000000e+00 -1.806332861e-16 -3.900000000e-02  4.718447855e-16
1.650000000e+00 -1.336153410e-16 -3.900000000e-02  4.440892099e-16
1.660000000e+00 -1.266764471e-16 -3.900000000e-02  4.440892099e-16
1.670000000e+00 -1.536548666e-16 -3.900000000e-02  3.885780586e-16
1.680000000e+00 -1.785793735e-16 -3.900000000e-02  4.024558464e-16
1.690000000e+00 -1.426081475e-16 -3.900000000e-02  3.608224830e-16
1.700000000e+00 -1.516009540e-16 -3.900000000e-02  3.261280135e-16
1.710000000e+00 -1.287303597e-16 -3.900000000e-02  3.261280135e-16
1.720000000e+00 -1.156297280e-16 -3.900000000e-02  2.567390744e-16
1.730000000e+00 -8.582023980e-17 -3.900000000e-02  3.053113318e-16
1.740000000e+00 -1.197375532e-16 -3.900000000e-02  3.053113318e-16
1.750000000e+00 -1.017519402e-16 -3.900000000e-02  3.538835891e-16
1.760000000e+00 -1.017519402e-16 -3.900000000e-02  3.400058013e-16
1.770000000e+00 -1.156297280e-16 -3.900000000e-02  4.232725281e-16
1.780000000e+00 -1.287303597e-16 -3.900000000e-02  3.747002708e-16
1.790000000e+00 -1.287303597e-16 -3.900000000e-02  3.747002708e-16
1.800000000e+00 -1.516009540e-16 -3.900000000e-02  3.261280135e-16
1.810000000e+00 -1.516009540e-16 -3.900000000e-02  3.261280135e-16
1.820000000e+00 -1.086908341e-16 -3.900000000e-02  3.053113318e-16
1.830000000e+00 -5.884182031e-17 -3.900000000e-02  3.261280135e-16
1.840000000e+00 -1.017519402e-16 -3.900000000e-02  3.538835891e-16
1.850000000e+00 -1.017519402e-16 -3.900000000e-02  3.538835891e-16
1.860000000e+00 -6.089573290e-17 -3.900000000e-02  4.302114220e-16
1.870000000e+00 -5.884182031e-17 -3.900000000e-02  3.538835891e-16
1.880000000e+00 -5.884182031e-17 -3.900000000e-02  4.440892099e-16
1.890000000e+00 -1.107447467e-16 -3.900000000e-02  4.579669977e-16
1.900000000e+00 -9.275913371e-17 -3.900000000e-02  4.649058916e-16
1.910000000e+00 -1.107447467e-16 -3.900000000e-02  5.065392550e-16
1.920000000e+00 -1.377231662e-16 -3.900000000e-02  5.204170428e-16
1.930000000e+00 -1.585398479e-16 -3.900000000e-02  4.926614672e-16
1.940000000e+00 -1.446620601e-16 -3.900000000e-02  5.204170428e-16
1.950000000e+00 -1.585398479e-16 -3.900000000e-02  5.551115123e-16
1.960000000e+00 -1.834643548e-16 -3.900000000e-02  5.412337245e-16
1.970000000e+00 -1.446620601e-16 -3.900000000e-02  5.204170428e-16
1.980000000e+00 -1.536548666e-16 -3.900000000e-02  5.412337245e-16
1.990000000e+00 -1.426081475e-16 -3.900000000e-02  4.926614672e-16
2.000000000e+00 -1.585398479e-16 -3.900000000e-02  4.926614672e-16
2.010000000e+00 -2.014499678e-16 -3.900000000e-02  5.204170428e-16
2.020000000e+00 -2.374211938e-16 -3.900000000e-02  5.065392550e-16
2.030000000e+00 -1.855182674e-16 -3.900000000e-02  5.481726184e-16
2.040000000e+00 -2.104427743e-16 -3.900000000e-02  5.967448757e-16
2.050000000e+00 -2.194355808e-16 -3.900000000e-02  6.106226635e-16
2.060000000e+00 -2.104427743e-16 -3.900000000e-02  5.967448757e-16
2.070000000e+00 -2.374211938e-16 -3.900000000e-02  5.065392550e-16
2.080000000e+00 -2.803313137e-16 -3.900000000e-02  5.759281940e-16
2.090000000e+00 -2.554068068e-16 -3.900000000e-02  5.273559367e-16
2.100000000e+00 -2.194355808e-16 -3.900000000e-02  5.065392550e-16
2.110000000e+00 -1.965649865e-16 -3.900000000e-02  4.371503159e-16
2.120000000e+00 -2.194355808e-16 -3.900000000e-02  5.065392550e-16
2.130000000e+00 -1.585398479e-16 -3.900000000e-02  4.440892099e-16
2.140000000e+00 -1.446620601e-16 -3.900000000e-02  4.440892099e-16
2.150000000e+00 -2.014499678e-16 -3.900000000e-02  3.955169525e-16
2.160000000e+00 -1.695865670e-16 -3.900000000e-02  4.302114220e-16
2.170000000e+00 -1.356692536e-16 -3.900000000e-02  4.024558464e-16
2.180000000e+00 -1.516009540e-16 -3.900000000e-02  4.440892099e-16
2.190000000e+00 -1.266764471e-16 -3.900000000e-02  4.440892099e-16
2.200000000e+00 -1.107447467e-16 -3.900000000e-02  4.440892099e-16
2.210000000e+00 -9.481304630e-17 -3.900000000e-02  4.440892099e-16
2.220000000e+00 -1.516009540e-16 -3.900000000e-02  4.440892099e-16
2.230000000e+00 -1.336153410e-16 -3.900000000e-02  4.440892099e-16
2.240000000e+00 -1.017519402e-16 -3.900000000e-02  4.440892099e-16
2.250000000e+00 -1.017519402e-16 -3.900000000e-02  3.885780586e-16
2.260000000e+00 -5.884182031e-17 -3.900000000e-02  3.538835891e-16
2.270000000e+00 -5.884182031e-17 -3.900000000e-02  3.400058013e-16
2.280000000e+00 -1.197375532e-16 -3.900000000e-02  3.053113318e-16
2.290000000e+00 -1.356692536e-16 -3.900000000e-02  2.914335440e-16
2.300000000e+00 -1.356692536e-16 -3.900000000e-02  2.914335440e-16
2.310000000e+00 -7.682743330e-17 -3.900000000e-02  2.775557562e-16
2.320000000e+00 -7.682743330e-17 -3.900000000e-02  2.775557562e-16
2.330000000e+00 -1.266764471e-16 -3.900000000e-02  3.053113318e-16
2.340000000e+00 -1.017519402e-16 -3.900000000e-02  3.538835891e-16
2.350000000e+00 -8.376632721e-17 -3.900000000e-02  3.747002708e-16
2.360000000e+00 -1.017519402e-16 -3.900000000e-02  3.885780586e-16
2.370000000e+00 -1.287303597e-16 -3.900000000e-02  3.747002708e-16
2.380000000e+00 -1.197375532e-16 -3.900000000e-02  4.024558464e-16
2.390000000e+00 -1.017519402e-16 -3.900000000e-02  4.232725281e-16
2.400000000e+00 -5.884182031e-17 -3.900000000e-02  3.538835891e-16
2.410000000e+00 -1.104671910e-17 -3.900000000e-02  3.885780586e-16
2.420000000e+00 -8.992806499e-18 -3.900000000e-02  3.677613769e-16
2.430000000e+00 -1.798561300e-17 -3.900000000e-02  3.885780586e-16
2.440000000e+00 -8.992806499e-18 -3.900000000e-02  3.747002708e-16
2.450000000e+00  6.938893904e-18 -3.900000000e-02  3.261280135e-16
2.460000000e+00 -2.492450690e-17 -3.900000000e-02  3.677613769e-16
2.470000000e+00 -5.190292640e-17 -3.900000000e-02  3.885780586e-16
2.480000000e+00 -5.884182031e-17 -3.900000000e-02  4.093947403e-16
2.490000000e+00 -6.783462680e-17 -3.900000000e-02  4.787836794e-16
2.500000000e+00 -7.477352071e-17 -3.900000000e-02  4.787836794e-16
2.510000000e+00 -1.086908341e-16 -3.900000000e-02  4.232725281e-16
2.520000000e+00 -8.376632721e-17 -3.900000000e-02  3.747002708e-16
2.530000000e+00 -1.017519402e-16 -3.900000000e-02  4.232725281e-16
2.540000000e+00 -1.017519402e-16 -3.900000000e-02  3.538835891e-16
2.550000000e+00 -4.291011990e-17 -3.900000000e-02  4.440892099e-16
2.560000000e+00 -3.186340081e-17 -3.900000000e-02  4.579669977e-16
2.570000000e+00 -3.186340081e-17 -3.900000000e-02  4.579669977e-16
2.580000000e+00 -1.798561300e-17 -3.900000000e-02  5.134781489e-16
2.590000000e+00 -2.003952559e-17 -3.900000000e-02  5.620504062e-16
2.600000000e+00  8.992806499e-18 -3.900000000e-02  5.273559367e-16
2.610000000e+00  6.938893904e-18 -3.900000000e-02  5.065392550e-16
2.620000000e+00  4.085620731e-17 -3.900000000e-02  4.926614672e-16
2.630000000e+00  7.682743330e-17 -3.900000000e-02  4.579669977e-16
2.640000000e+00  8.582023980e-17 -3.900000000e-02  4.163336342e-16
2.650000000e+00  9.070522111e-17 -3.900000000e-02  3.608224830e-16
2.660000000e+00  9.969802761e-17 -3.900000000e-02  3.608224830e-16
2.670000000e+00  8.582023980e-17 -3.900000000e-02  4.163336342e-16
2.680000000e+00  5.884182031e-17 -3.900000000e-02  4.024558464e-16
2.690000000e+00  1.593170040e-17 -3.900000000e-02  4.232725281e-16
2.700000000e+00  1.593170040e-17 -3.900000000e-02  4.232725281e-16
2.710000000e+00  1.593170040e-17 -3.900000000e-02  3.885780586e-16
2.720000000e+00  2.492450690e-17 -3.900000000e-02  3.400058013e-16
2.730000000e+00  3.391731340e-17 -3.900000000e-02  3.885780586e-16
2.740000000e+00  1.593170040e-17 -3.900000000e-02  3.885780586e-16
2.750000000e+00  3.391731340e-17 -3.900000000e-02  3.885780586e-16
2.760000000e+00  1.593170040e-17 -3.900000000e-02  3.885780586e-16
2.770000000e+00  5.884182031e-17 -3.900000000e-02  4.024558464e-16
2.780000000e+00  2.492450690e-17 -3.900000000e-02  4.579669977e-16
2.790000000e+00 -3.186340081e-17 -3.900000000e-02  4.579669977e-16
2.800000000e+00  3.186340081e-17 -3.900000000e-02  4.302114220e-16
2.810000000e+00 -6.938893904e-18 -3.900000000e-02  4.093947403e-16
2.820000000e+00  1.593170040e-17 -3.900000000e-02  4.232725281e-16
2.830000000e+00  5.884182031e-17 -3.900000000e-02  4.024558464e-16
2.840000000e+00  1.017519402e-16 -3.900000000e-02  4.371503159e-16
2.850000000e+00  5.884182031e-17 -3.900000000e-02  4.440892099e-16
2.860000000e+00  9.070522111e-17 -3.900000000e-02  4.579669977e-16
2.870000000e+00  8.582023980e-17 -3.900000000e-02  4.163336342e-16
2.880000000e+00  8.376632721e-17 -3.900000000e-02  4.579669977e-16
2.890000000e+00  5.884182031e-17 -3.900000000e-02  5.065392550e-16
2.900000000e+00  5.884182031e-17 -3.900000000e-02  5.065392550e-16
2.910000000e+00  5.884182031e-17 -3.900000000e-02  5.065392550e-16
2.920000000e+00  5.884182031e-17 -3.900000000e-02  5.065392550e-16
2.930000000e+00  1.798561300e-17 -3.900000000e-02  4.926614672e-16
2.940000000e+00  4.291011990e-17 -3.900000000e-02  5.620504062e-16
2.950000000e+00  6.783462680e-17 -3.900000000e-02  6.106226635e-16
2.960000000e+00  4.984901381e-17 -3.900000000e-02  6.730727087e-16
2.970000000e+00  5.884182031e-17 -3.900000000e-02  6.800116026e-16
2.980000000e+00  9.070522111e-17 -3.900000000e-02  6.938893904e-16
2.990000000e+00  4.984901381e-17 -3.900000000e-02  6.106226635e-16
3.000000000e+00  2.492450690e-17 -3.900000000e-02  6.453171331e-16
3.010000000e+00  6.938893904e-18 -3.900000000e-02  6.800116026e-16
3.020000000e+00  6.938893904e-18 -3.900000000e-02  6.383782392e-16
3.030000000e+00  2.697841950e-17 -3.900000000e-02  5.481726184e-16
3.040000000e+00  3.391731340e-17 -3.900000000e-02  5.273559367e-16
3.050000000e+00  3.391731340e-17 -3.900000000e-02  5.481726184e-16
3.060000000e+00 -2.053912596e-18 -3.900000000e-02  5.134781489e-16
3.070000000e+00  3.391731340e-17 -3.900000000e-02  4.926614672e-16
3.080000000e+00  5.884182031e-17 -3.900000000e-02  5.065392550e-16
3.090000000e+00  5.884182031e-17 -3.900000000e-02  5.065392550e-16
3.100000000e+00  5.884182031e-17 -3.900000000e-02  5.065392550e-16
3.110000000e+00  1.798561300e-17 -3.900000000e-02  4.926614672e-16
3.120000000e+00  1.798561300e-17 -3.900000000e-02  4.926614672e-16
3.130000000e+00  3.186340081e-17 -3.900000000e-02  5.898059818e-16
3.140000000e+00  6.938893904e-18 -3.900000000e-02  5.759281940e-16
3.150000000e+00 -1.798561300e-17 -3.900000000e-02  5.134781489e-16
3.160000000e+00  0.000000000e+00 -3.900000000e-02  6.383782392e-16
3.170000000e+00 -1.798561300e-17 -3.900000000e-02  6.661338148e-16
3.180000000e+00  2.492450690e-17 -3.900000000e-02  6.453171331e-16
3.190000000e+00  0.000000000e+00 -3.900000000e-02  6.106226635e-16
3.200000000e+00  0.000000000e+00 -3.900000000e-02  6.106226635e-16
3.210000000e+00  3.391731340e-17 -3.900000000e-02  6.036837696e-16
3.220000000e+00 -1.593170040e-17 -3.900000000e-02  5.759281940e-16
3.230000000e+00  0.000000000e+00 -3.900000000e-02  6.106226635e-16
3.240000000e+00 -8.992806499e-18 -3.900000000e-02  5.412337245e-16
3.250000000e+00  8.992806499e-18 -3.900000000e-02  5.273559367e-16
3.260000000e+00 -8.992806499e-18 -3.900000000e-02  5.412337245e-16
3.270000000e+00  2.697841950e-17 -3.900000000e-02  5.481726184e-16
3.280000000e+00  8.992806499e-18 -3.900000000e-02  5.273559367e-16
3.290000000e+00  8.376632721e-17 -3.900000000e-02  5.273559367e-16
3.300000000e+00  1.176836406e-16 -3.900000000e-02  4.926614672e-16
3.310000000e+00  1.585398479e-16 -3.900000000e-02  5.620504062e-16
3.320000000e+00  1.426081475e-16 -3.900000000e-02  6.106226635e-16
3.330000000e+00  1.266764471e-16 -3.900000000e-02  5.967448757e-16
3.340000000e+00  1.516009540e-16 -3.900000000e-02  5.620504062e-16
3.350000000e+00  1.675326544e-16 -3.900000000e-02  5.620504062e-16
3.360000000e+00  1.675326544e-16 -3.900000000e-02  6.106226635e-16
3.370000000e+00  1.516009540e-16 -3.900000000e-02  5.620504062e-16
3.380000000e+00  1.516009540e-16 -3.900000000e-02  5.412337245e-16
3.390000000e+00  1.585398479e-16 -3.900000000e-02  5.065392550e-16
3.400000000e+00  1.834643548e-16 -3.900000000e-02  5.204170428e-16
3.410000000e+00  1.785793735e-16 -3.900000000e-02  5.759281940e-16
3.420000000e+00  1.675326544e-16 -3.900000000e-02  5.620504062e-16
3.430000000e+00  1.834643548e-16 -3.900000000e-02  6.245004514e-16
3.440000000e+00  1.246225345e-16 -3.900000000e-02  6.106226635e-16
3.450000000e+00  1.246225345e-16 -3.900000000e-02  6.106226635e-16
3.460000000e+00  1.246225345e-16 -3.900000000e-02  6.106226635e-16
3.470000000e+00  1.246225345e-16 -3.900000000e-02  6.245004514e-16
3.480000000e+00  1.426081475e-16 -3.900000000e-02  6.106226635e-16
3.490000000e+00  1.516009540e-16 -3.900000000e-02  6.383782392e-16
3.500000000e+00  1.993960552e-16 -3.900000000e-02  6.453171331e-16
3.510000000e+00  1.924571613e-16 -3.900000000e-02  6.800116026e-16
3.520000000e+00  1.924571613e-16 -3.900000000e-02  7.424616477e-16
3.530000000e+00  2.214894934e-16 -3.900000000e-02  7.077671782e-16
3.540000000e+00  2.762234885e-16 -3.900000000e-02  7.424616477e-16
3.550000000e+00  2.602917881e-16 -3.900000000e-02  6.938893904e-16
3.560000000e+00  2.762234885e-16 -3.900000000e-02  6.800116026e-16
3.570000000e+00  3.121947145e-16 -3.900000000e-02  6.591949209e-16
3.580000000e+00  2.921551889e-16 -3.900000000e-02  6.800116026e-16
3.590000000e+00  2.831623824e-16 -3.900000000e-02  7.424616477e-16
3.600000000e+00  3.170796958e-16 -3.900000000e-02  7.563394355e-16
3.610000000e+00  2.872702076e-16 -3.900000000e-02  7.771561172e-16
3.620000000e+00  2.852162950e-16 -3.900000000e-02  8.118505868e-16
3.630000000e+00  2.692845946e-16 -3.900000000e-02  7.979727989e-16
3.640000000e+00  2.921551889e-16 -3.900000000e-02  8.118505868e-16
3.650000000e+00  3.281264149e-16 -3.900000000e-02  7.771561172e-16
3.660000000e+00  3.032019080e-16 -3.900000000e-02  8.257283746e-16
3.670000000e+00  3.011479954e-16 -3.900000000e-02  8.118505868e-16
3.680000000e+00  3.101408019e-16 -3.900000000e-02  8.118505868e-16
3.690000000e+00  3.011479954e-16 -3.900000000e-02  8.118505868e-16
3.700000000e+00  3.191336084e-16 -3.900000000e-02  7.979727989e-16
3.710000000e+00  3.281264149e-16 -3.900000000e-02  8.257283746e-16
3.720000000e+00  3.710365348e-16 -3.900000000e-02  8.257283746e-16
3.730000000e+00  3.980149543e-16 -3.900000000e-02  7.632783294e-16
3.740000000e+00  3.939071291e-16 -3.900000000e-02  6.938893904e-16
3.750000000e+00  3.939071291e-16 -3.900000000e-02  6.938893904e-16
3.760000000e+00  3.599898157e-16 -3.900000000e-02  6.938893904e-16
3.770000000e+00  3.689826222e-16 -3.900000000e-02  7.147060721e-16
3.780000000e+00  3.710365348e-16 -3.900000000e-02  6.938893904e-16
3.790000000e+00  3.689826222e-16 -3.900000000e-02  7.285838599e-16
3.800000000e+00  3.530509218e-16 -3.900000000e-02  7.285838599e-16
3.810000000e+00  3.530509218e-16 -3.900000000e-02  7.285838599e-16
3.820000000e+00  3.440581153e-16 -3.900000000e-02  7.771561172e-16
3.830000000e+00  3.330113962e-16 -3.900000000e-02  7.632783294e-16
3.840000000e+00  2.762234885e-16 -3.900000000e-02  7.979727989e-16
3.850000000e+00  2.872702076e-16 -3.900000000e-02  7.771561172e-16
3.860000000e+00  2.942091015e-16 -3.900000000e-02  7.424616477e-16
3.870000000e+00  2.852162950e-16 -3.900000000e-02  7.077671782e-16
3.880000000e+00  2.692845946e-16 -3.900000000e-02  6.800116026e-16
3.890000000e+00  2.533528942e-16 -3.900000000e-02  6.661338148e-16
3.900000000e+00  3.121947145e-16 -3.900000000e-02  7.008282843e-16
3.910000000e+00  2.602917881e-16 -3.900000000e-02  6.661338148e-16
3.920000000e+00  2.872702076e-16 -3.900000000e-02  6.453171331e-16
3.930000000e+00  2.762234885e-16 -3.900000000e-02  5.759281940e-16
3.940000000e+00  3.032019080e-16 -3.900000000e-02  5.551115123e-16
3.950000000e+00  2.762234885e-16 -3.900000000e-02  5.759281940e-16
3.960000000e+00  2.623457007e-16 -3.900000000e-02  5.204170428e-16
3.970000000e+00  2.852162950e-16 -3.900000000e-02  5.342948306e-16
3.980000000e+00  2.692845946e-16 -3.900000000e-02  6.106226635e-16
3.990000000e+00  2.533528942e-16 -3.900000000e-02  5.759281940e-16
4.000000000e+00  2.852162950e-16 -3.900000000e-02  5.342948306e-16
4.010000000e+00  3.032019080e-16 -3.900000000e-02  5.898059818e-16
4.020000000e+00  2.942091015e-16 -3.900000000e-02  5.620504062e-16
4.030000000e+00  3.281264149e-16 -3.900000000e-02  5.689893001e-16
4.040000000e+00  3.509970092e-16 -3.900000000e-02  5.759281940e-16
4.050000000e+00  3.800293413e-16 -3.900000000e-02  5.898059818e-16
4.060000000e+00  3.800293413e-16 -3.900000000e-02  5.898059818e-16
4.070000000e+00  3.959610417e-16 -3.900000000e-02  5.898059818e-16
4.080000000e+00  3.939071291e-16 -3.900000000e-02  6.106226635e-16
4.090000000e+00  3.800293413e-16 -3.900000000e-02  5.898059818e-16
4.100000000e+00  3.191336084e-16 -3.900000000e-02  6.245004514e-16
4.110000000e+00  3.461120279e-16 -3.900000000e-02  6.453171331e-16
4.120000000e+00  3.849143226e-16 -3.900000000e-02  6.800116026e-16
4.130000000e+00  3.689826222e-16 -3.900000000e-02  7.147060721e-16
4.140000000e+00  3.599898157e-16 -3.900000000e-02  7.147060721e-16
4.150000000e+00  3.869682352e-16 -3.900000000e-02  7.285838599e-16
4.160000000e+00  3.849143226e-16 -3.900000000e-02  8.465450563e-16
4.170000000e+00  3.869682352e-16 -3.900000000e-02  8.118505868e-16
4.180000000e+00  3.800293413e-16 -3.900000000e-02  8.118505868e-16
4.190000000e+00  3.620437283e-16 -3.900000000e-02  7.910339050e-16
4.200000000e+00  3.620437283e-16 -3.900000000e-02  7.910339050e-16
4.210000000e+00  3.281264149e-16 -3.900000000e-02  7.771561172e-16
4.220000000e+00  3.121947145e-16 -3.900000000e-02  7.008282843e-16
4.230000000e+00  2.831623824e-16 -3.900000000e-02  7.424616477e-16
4.240000000e+00  2.872702076e-16 -3.900000000e-02  7.771561172e-16
4.250000000e+00  3.011479954e-16 -3.900000000e-02  8.118505868e-16
4.260000000e+00  2.942091015e-16 -3.900000000e-02  7.424616477e-16
4.270000000e+00  2.942091015e-16 -3.900000000e-02  7.424616477e-16
4.280000000e+00  2.512989816e-16 -3.900000000e-02  7.424616477e-16
4.290000000e+00  2.284283873e-16 -3.900000000e-02  7.077671782e-16
4.300000000e+00  2.173816682e-16 -3.900000000e-02  7.632783294e-16
4.310000000e+00  1.924571613e-16 -3.900000000e-02  7.424616477e-16
4.320000000e+00  1.765254609e-16 -3.900000000e-02  7.077671782e-16
4.330000000e+00  1.855182674e-16 -3.900000000e-02  7.424616477e-16
4.340000000e+00  1.675326544e-16 -3.900000000e-02  7.285838599e-16
4.350000000e+00  1.516009540e-16 -3.900000000e-02  7.424616477e-16
4.360000000e+00  1.266764471e-16 -3.900000000e-02  7.632783294e-16
4.370000000e+00  1.585398479e-16 -3.900000000e-02  8.257283746e-16
4.380000000e+00  1.605937605e-16 -3.900000000e-02  7.979727989e-16
4.390000000e+00  2.173816682e-16 -3.900000000e-02  7.771561172e-16
4.400000000e+00  1.855182674e-16 -3.900000000e-02  7.424616477e-16
4.410000000e+00  1.675326544e-16 -3.900000000e-02  7.979727989e-16
4.420000000e+00  1.605937605e-16 -3.900000000e-02  7.840950111e-16
4.430000000e+00  1.695865670e-16 -3.900000000e-02  8.118505868e-16
4.440000000e+00  1.834643548e-16 -3.900000000e-02  7.979727989e-16
4.450000000e+00  1.585398479e-16 -3.900000000e-02  8.257283746e-16
4.460000000e+00  1.675326544e-16 -3.900000000e-02  8.396061624e-16
4.470000000e+00  2.104427743e-16 -3.900000000e-02  8.118505868e-16
4.480000000e+00  2.104427743e-16 -3.900000000e-02  8.118505868e-16
4.490000000e+00  1.924571613e-16 -3.900000000e-02  8.326672685e-16
4.500000000e+00  2.014499678e-16 -3.900000000e-02  8.604228441e-16
4.510000000e+00  2.014499678e-16 -3.900000000e-02  8.604228441e-16
4.520000000e+00  1.834643548e-16 -3.900000000e-02  8.465450563e-16
4.530000000e+00  1.675326544e-16 -3.900000000e-02  8.396061624e-16
4.540000000e+00  1.834643548e-16 -3.900000000e-02  8.465450563e-16
4.550000000e+00  1.605937605e-16 -3.900000000e-02  7.979727989e-16
4.560000000e+00  1.176836406e-16 -3.900000000e-02  8.257283746e-16
4.570000000e+00  1.156297280e-16 -3.900000000e-02  8.465450563e-16
4.580000000e+00  1.405542349e-16 -3.900000000e-02  8.257283746e-16
4.590000000e+00  1.356692536e-16 -3.900000000e-02  8.604228441e-16
4.600000000e+00  1.176836406e-16 -3.900000000e-02  9.089951014e-16
4.610000000e+00  1.336153410e-16 -3.900000000e-02  9.298117831e-16
4.620000000e+00  1.785793735e-16 -3.900000000e-02  9.298117831e-16
4.630000000e+00  2.124966869e-16 -3.900000000e-02  8.743006319e-16
4.640000000e+00  2.672306820e-16 -3.900000000e-02  8.951173136e-16
4.650000000e+00  2.762234885e-16 -3.900000000e-02  8.465450563e-16
4.660000000e+00  2.692845946e-16 -3.900000000e-02  7.979727989e-16
4.670000000e+00  2.083888617e-16 -3.900000000e-02  8.604228441e-16
4.680000000e+00  2.104427743e-16 -3.900000000e-02  8.951173136e-16
4.690000000e+00  2.014499678e-16 -3.900000000e-02  8.604228441e-16
4.700000000e+00  2.124966869e-16 -3.900000000e-02  8.743006319e-16
4.710000000e+00  2.353672812e-16 -3.900000000e-02  8.743006319e-16
4.720000000e+00  2.692845946e-16 -3.900000000e-02  7.979727989e-16
4.730000000e+00  2.284283873e-16 -3.900000000e-02  7.077671782e-16
4.740000000e+00  2.173816682e-16 -3.900000000e-02  7.632783294e-16
4.750000000e+00  1.945110739e-16 -3.900000000e-02  7.771561172e-16
4.760000000e+00  1.834643548e-16 -3.900000000e-02  7.979727989e-16
4.770000000e+00  1.675326544e-16 -3.900000000e-02  7.979727989e-16
4.780000000e+00  1.176836406e-16 -3.900000000e-02  8.257283746e-16
4.790000000e+00  8.376632721e-17 -3.900000000e-02  8.604228441e-16
4.800000000e+00  1.086908341e-16 -3.900000000e-02  8.812395258e-16
4.810000000e+00  1.855182674e-16 -3.900000000e-02  9.298117831e-16
4.820000000e+00  1.993960552e-16 -3.900000000e-02  9.992007222e-16
4.830000000e+00  2.353672812e-16 -3.900000000e-02  8.881784197e-16
4.840000000e+00  2.602917881e-16 -3.900000000e-02  8.951173136e-16
4.850000000e+00  3.032019080e-16 -3.900000000e-02  8.604228441e-16
4.860000000e+00  3.032019080e-16 -3.900000000e-02  8.812395258e-16
4.870000000e+00  2.602917881e-16 -3.900000000e-02  8.465450563e-16
4.880000000e+00  3.032019080e-16 -3.900000000e-02  8.604228441e-16
4.890000000e+00  3.032019080e-16 -3.900000000e-02  8.812395258e-16
4.900000000e+00  3.032019080e-16 -3.900000000e-02  8.812395258e-16
4.910000000e+00  3.530509218e-16 -3.900000000e-02  8.465450563e-16
4.920000000e+00  3.391731340e-16 -3.900000000e-02  8.465450563e-16
4.930000000e+00  3.620437283e-16 -3.900000000e-02  8.465450563e-16
4.940000000e+00  3.350653088e-16 -3.900000000e-02  9.089951014e-16
4.950000000e+00  3.260725023e-16 -3.900000000e-02  9.228728892e-16
4.960000000e+00  3.350653088e-16 -3.900000000e-02  8.673617380e-16
4.970000000e+00  3.350653088e-16 -3.900000000e-02  9.089951014e-16
4.980000000e+00  3.032019080e-16 -3.900000000e-02  9.089951014e-16
4.990000000e+00  3.011479954e-16 -3.900000000e-02  9.436895709e-16
5.000000000e+00  2.762234885e-16 -3.900000000e-02  1.013078510e-15
5.010000000e+00  2.263744747e-16 -3.900000000e-02  1.013078510e-15
5.020000000e+00  2.014499678e-16 -3.900000000e-02  1.040834086e-15
5.030000000e+00  1.993960552e-16 -3.900000000e-02  9.992007222e-16
5.040000000e+00  2.194355808e-16 -3.900000000e-02  1.082467449e-15
5.050000000e+00  2.104427743e-16 -3.900000000e-02  1.068589661e-15
5.060000000e+00  2.035038804e-16 -3.900000000e-02  1.096345237e-15
5.070000000e+00  2.512989816e-16 -3.900000000e-02  1.061650767e-15
5.080000000e+00  2.692845946e-16 -3.900000000e-02  1.068589661e-15
5.090000000e+00  2.782774011e-16 -3.900000000e-02  1.082467449e-15
5.100000000e+00  2.921551889e-16 -3.900000000e-02  1.068589661e-15
5.110000000e+00  3.052558206e-16 -3.900000000e-02  1.026956298e-15
5.120000000e+00  3.032019080e-16 -3.900000000e-02  1.047772979e-15
5.130000000e+00  3.350653088e-16 -3.900000000e-02  1.096345237e-15
5.140000000e+00  3.350653088e-16 -3.900000000e-02  1.096345237e-15
5.150000000e+00  3.101408019e-16 -3.900000000e-02  1.131039706e-15
5.160000000e+00  3.530509218e-16 -3.900000000e-02  1.096345237e-15
5.170000000e+00  3.939071291e-16 -3.900000000e-02  1.096345237e-15
5.180000000e+00  4.208855486e-16 -3.900000000e-02  1.040834086e-15
5.190000000e+00  4.637956685e-16 -3.900000000e-02  1.061650767e-15
5.200000000e+00  4.887201754e-16 -3.900000000e-02  1.096345237e-15
5.210000000e+00  4.727884750e-16 -3.900000000e-02  1.096345237e-15
5.220000000e+00  5.205835762e-16 -3.900000000e-02  1.096345237e-15
5.230000000e+00  4.617417559e-16 -3.900000000e-02  1.117161919e-15
5.240000000e+00  4.617417559e-16 -3.900000000e-02  1.047772979e-15
5.250000000e+00  4.437561429e-16 -3.900000000e-02  1.096345237e-15
5.260000000e+00  4.188316360e-16 -3.900000000e-02  1.144917494e-15
5.270000000e+00  4.388711616e-16 -3.900000000e-02  1.179611964e-15
5.280000000e+00  3.939071291e-16 -3.900000000e-02  1.082467449e-15
5.290000000e+00  4.388711616e-16 -3.900000000e-02  1.026956298e-15
5.300000000e+00  4.548028620e-16 -3.900000000e-02  1.040834086e-15
5.310000000e+00  5.115907697e-16 -3.900000000e-02  1.026956298e-15
5.320000000e+00  4.368172490e-16 -3.900000000e-02  1.047772979e-15
5.330000000e+00  4.368172490e-16 -3.900000000e-02  1.047772979e-15
5.340000000e+00  4.208855486e-16 -3.900000000e-02  1.040834086e-15
5.350000000e+00  4.118927421e-16 -3.900000000e-02  1.013078510e-15
5.360000000e+00  4.278244425e-16 -3.900000000e-02  9.783840405e-16
5.370000000e+00  4.208855486e-16 -3.900000000e-02  9.783840405e-16
5.380000000e+00  4.637956685e-16 -3.900000000e-02  9.089951014e-16
5.390000000e+00  4.776734563e-16 -3.900000000e-02  9.089951014e-16
5.400000000e+00  4.707345624e-16 -3.900000000e-02  8.604228441e-16
5.410000000e+00  4.617417559e-16 -3.900000000e-02  9.089951014e-16
5.420000000e+00  4.707345624e-16 -3.900000000e-02  8.604228441e-16
5.430000000e+00  4.977129819e-16 -3.900000000e-02  9.228728892e-16
5.440000000e+00  4.776734563e-16 -3.900000000e-02  1.013078510e-15
5.450000000e+00  4.568567746e-16 -3.900000000e-02  1.013078510e-15
5.460000000e+00  4.368172490e-16 -3.900000000e-02  9.645062526e-16
5.470000000e+00  4.776734563e-16 -3.900000000e-02  1.013078510e-15
5.480000000e+00  4.707345624e-16 -3.900000000e-02  9.506284648e-16
5.490000000e+00  4.776734563e-16 -3.900000000e-02  1.013078510e-15
5.500000000e+00  5.046518758e-16 -3.900000000e-02  9.783840405e-16
5.510000000e+00  4.977129819e-16 -3.900000000e-02  9.783840405e-16
5.520000000e+00  5.385691892e-16 -3.900000000e-02  9.645062526e-16
5.530000000e+00  5.046518758e-16 -3.900000000e-02  9.506284648e-16
5.540000000e+00  5.067057884e-16 -3.900000000e-02  9.298117831e-16
5.550000000e+00  5.365152767e-16 -3.900000000e-02  9.992007222e-16
5.560000000e+00  5.205835762e-16 -3.900000000e-02  9.992007222e-16
5.570000000e+00  5.365152767e-16 -3.900000000e-02  9.853229344e-16
5.580000000e+00  5.115907697e-16 -3.900000000e-02  1.026956298e-15
5.590000000e+00  5.046518758e-16 -3.900000000e-02  9.783840405e-16
5.600000000e+00  4.956590693e-16 -3.900000000e-02  1.013078510e-15
5.610000000e+00  4.707345624e-16 -3.900000000e-02  9.853229344e-16
5.620000000e+00  4.817812815e-16 -3.900000000e-02  9.645062526e-16
5.630000000e+00  4.776734563e-16 -3.900000000e-02  1.013078510e-15
5.640000000e+00  3.939071291e-16 -3.900000000e-02  1.082467449e-15
5.650000000e+00  3.779754287e-16 -3.900000000e-02  1.082467449e-15
5.660000000e+00  3.350653088e-16 -3.900000000e-02  1.096345237e-15
5.670000000e+00  3.191336084e-16 -3.900000000e-02  1.096345237e-15
5.680000000e+00  2.921551889e-16 -3.900000000e-02  1.068589661e-15
5.690000000e+00  3.052558206e-16 -3.900000000e-02  1.026956298e-15
5.700000000e+00  2.692845946e-16 -3.900000000e-02  1.068589661e-15
5.710000000e+00  2.374211938e-16 -3.900000000e-02  1.047772979e-15
5.720000000e+00  1.765254609e-16 -3.900000000e-02  1.061650767e-15
5.730000000e+00  1.765254609e-16 -3.900000000e-02  1.061650767e-15
5.740000000e+00  1.107447467e-16 -3.900000000e-02  1.026956298e-15
5.750000000e+00  7.271960811e-17 -3.900000000e-02  1.096345237e-15
5.760000000e+00  8.376632721e-17 -3.900000000e-02  1.096345237e-15
5.770000000e+00  4.085620731e-17 -3.900000000e-02  1.144917494e-15
5.780000000e+00  4.085620731e-17 -3.900000000e-02  1.144917494e-15
5.790000000e+00  3.186340081e-17 -3.900000000e-02  1.082467449e-15
5.800000000e+00  6.938893904e-18 -3.900000000e-02  1.013078510e-15
5.810000000e+00  2.492450690e-17 -3.900000000e-02  1.047772979e-15
5.820000000e+00  0.000000000e+00 -3.900000000e-02  1.054711873e-15
5.830000000e+00  0.000000000e+00 -3.900000000e-02  1.054711873e-15
5.840000000e+00 -1.798561300e-17 -3.900000000e-02  1.068589661e-15
5.850000000e+00 -1.798561300e-17 -3.900000000e-02  1.068589661e-15
5.860000000e+00 -1.798561300e-17 -3.900000000e-02  1.068589661e-15
5.870000000e+00 -1.798561300e-17 -3.900000000e-02  1.068589661e-15
5.880000000e+00 -8.992806499e-18 -3.900000000e-02  1.013078510e-15
5.890000000e+00  3.597122600e-17 -3.900000000e-02  1.026956298e-15
5.900000000e+00  7.477352071e-17 -3.900000000e-02  1.013078510e-15
5.910000000e+00  3.597122600e-17 -3.900000000e-02  1.026956298e-15
5.920000000e+00 -3.391731340e-17 -3.900000000e-02  9.645062526e-16
5.930000000e+00  2.492450690e-17 -3.900000000e-02  1.026956298e-15
5.940000000e+00  8.992806499e-18 -3.900000000e-02  9.922618283e-16
5.950000000e+00  5.678790771e-17 -3.900000000e-02  9.783840405e-16
5.960000000e+00  7.682743330e-17 -3.900000000e-02  9.645062526e-16
5.970000000e+00  1.266764471e-16 -3.900000000e-02  9.783840405e-16
5.980000000e+00  1.266764471e-16 -3.900000000e-02  9.783840405e-16
5.990000000e+00  1.266764471e-16 -3.900000000e-02  9.783840405e-16
6.000000000e+00  9.969802761e-17 -3.900000000e-02  1.040834086e-15
6.010000000e+00  1.675326544e-16 -3.900000000e-02  1.013078510e-15
6.020000000e+00  1.336153410e-16 -3.900000000e-02  1.026956298e-15
6.030000000e+00  1.266764471e-16 -3.900000000e-02  1.026956298e-15
6.040000000e+00  1.495470414e-16 -3.900000000e-02  1.131039706e-15
6.050000000e+00  1.017519402e-16 -3.900000000e-02  1.151856388e-15
6.060000000e+00  1.017519402e-16 -3.900000000e-02  1.186550858e-15
6.070000000e+00  1.266764471e-16 -3.900000000e-02  1.249000903e-15
6.080000000e+00  1.017519402e-16 -3.900000000e-02  1.186550858e-15
6.090000000e+00  9.275913371e-17 -3.900000000e-02  1.228184221e-15
6.100000000e+00  4.984901381e-17 -3.900000000e-02  1.200428645e-15
6.110000000e+00  3.391731340e-17 -3.900000000e-02  1.144917494e-15
6.120000000e+00  5.678790771e-17 -3.900000000e-02  1.200428645e-15
6.130000000e+00  7.477352071e-17 -3.900000000e-02  1.151856388e-15
6.140000000e+00  6.578071421e-17 -3.900000000e-02  1.096345237e-15
6.150000000e+00  8.992806499e-18 -3.900000000e-02  1.096345237e-15
6.160000000e+00  3.597122600e-17 -3.900000000e-02  1.026956298e-15
6.170000000e+00 -8.992806499e-18 -3.900000000e-02  1.013078510e-15
6.180000000e+00 -5.884182031e-17 -3.900000000e-02  9.783840405e-16
6.190000000e+00 -4.984901381e-17 -3.900000000e-02  1.013078510e-15
6.200000000e+00 -6.578071421e-17 -3.900000000e-02  1.026956298e-15
6.210000000e+00 -7.888134590e-17 -3.900000000e-02  1.117161919e-15
6.220000000e+00 -4.291011990e-17 -3.900000000e-02  1.082467449e-15
6.230000000e+00 -3.391731340e-17 -3.900000000e-02  1.131039706e-15
6.240000000e+00 -5.190292640e-17 -3.900000000e-02  1.144917494e-15
6.250000000e+00 -6.783462680e-17 -3.900000000e-02  1.131039706e-15
6.260000000e+00 -6.988853940e-17 -3.900000000e-02  1.096345237e-15
6.270000000e+00 -4.291011990e-17 -3.900000000e-02  1.033895192e-15
6.280000000e+00 -2.697841950e-17 -3.900000000e-02  1.026956298e-15
6.290000000e+00  8.992806499e-18 -3.900000000e-02  1.026956298e-15
6.300000000e+00  8.992806499e-18 -3.900000000e-02  9.922618283e-16
6.310000000e+00  3.186340081e-17 -3.900000000e-02  9.298117831e-16
6.320000000e+00  6.938893904e-18 -3.900000000e-02  9.506284648e-16
6.330000000e+00 -1.593170040e-17 -3.900000000e-02  9.436895709e-16
6.340000000e+00  1.798561300e-17 -3.900000000e-02  8.743006319e-16
6.350000000e+00  0.000000000e+00 -3.900000000e-02  8.951173136e-16
6.360000000e+00  5.884182031e-17 -3.900000000e-02  8.604228441e-16
6.370000000e+00  8.171241461e-17 -3.900000000e-02  8.465450563e-16
6.380000000e+00  3.391731340e-17 -3.900000000e-02  8.951173136e-16
6.390000000e+00  3.391731340e-17 -3.900000000e-02  8.951173136e-16
6.400000000e+00 -8.992806499e-18 -3.900000000e-02  9.436895709e-16
6.410000000e+00  3.391731340e-17 -3.900000000e-02  9.783840405e-16
6.420000000e+00  2.492450690e-17 -3.900000000e-02  1.026956298e-15
6.430000000e+00  8.992806499e-18 -3.900000000e-02  9.922618283e-16
6.440000000e+00  0.000000000e+00 -3.900000000e-02  1.054711873e-15
6.450000000e+00  2.492450690e-17 -3.900000000e-02  1.026956298e-15
6.460000000e+00  3.391731340e-17 -3.900000000e-02  9.783840405e-16
6.470000000e+00  9.969802761e-17 -3.900000000e-02  9.992007222e-16
6.480000000e+00  5.678790771e-17 -3.900000000e-02  1.082467449e-15
6.490000000e+00  4.779510121e-17 -3.900000000e-02  1.082467449e-15
6.500000000e+00  6.578071421e-17 -3.900000000e-02  1.096345237e-15
6.510000000e+00  9.969802761e-17 -3.900000000e-02  1.172673070e-15
6.520000000e+00  1.017519402e-16 -3.900000000e-02  1.151856388e-15
6.530000000e+00  1.246225345e-16 -3.900000000e-02  1.096345237e-15
6.540000000e+00  1.017519402e-16 -3.900000000e-02  1.151856388e-15
6.550000000e+00  1.675326544e-16 -3.900000000e-02  1.151856388e-15
6.560000000e+00  1.336153410e-16 -3.900000000e-02  1.117161919e-15
6.570000000e+00  1.246225345e-16 -3.900000000e-02  1.096345237e-15
6.580000000e+00  1.156297280e-16 -3.900000000e-02  1.110223025e-15
6.590000000e+00  1.086908341e-16 -3.900000000e-02  1.082467449e-15
6.600000000e+00  1.246225345e-16 -3.900000000e-02  1.096345237e-15
6.610000000e+00  1.516009540e-16 -3.900000000e-02  1.096345237e-15
6.620000000e+00  1.605937605e-16 -3.900000000e-02  1.061650767e-15
6.630000000e+00  2.014499678e-16 -3.900000000e-02  1.040834086e-15
6.640000000e+00  1.744715483e-16 -3.900000000e-02  1.013078510e-15
6.650000000e+00  1.516009540e-16 -3.900000000e-02  1.013078510e-15
6.660000000e+00  1.765254609e-16 -3.900000000e-02  1.061650767e-15
6.670000000e+00  2.194355808e-16 -3.900000000e-02  1.082467449e-15
6.680000000e+00  1.765254609e-16 -3.900000000e-02  1.061650767e-15
6.690000000e+00  1.765254609e-16 -3.900000000e-02  1.061650767e-15
6.700000000e+00  2.623457007e-16 -3.900000000e-02  1.068589661e-15
6.710000000e+00  2.921551889e-16 -3.900000000e-02  1.068589661e-15
6.720000000e+00  3.011479954e-16 -3.900000000e-02  1.013078510e-15
6.730000000e+00  2.692845946e-16 -3.900000000e-02  1.068589661e-15
6.740000000e+00  3.191336084e-16 -3.900000000e-02  1.096345237e-15
6.750000000e+00  3.191336084e-16 -3.900000000e-02  1.096345237e-15
6.760000000e+00  3.551048344e-16 -3.900000000e-02  1.061650767e-15
6.770000000e+00  3.350653088e-16 -3.900000000e-02  1.096345237e-15
6.780000000e+00  3.530509218e-16 -3.900000000e-02  1.013078510e-15
6.790000000e+00  2.921551889e-16 -3.900000000e-02  1.068589661e-15
6.800000000e+00  3.032019080e-16 -3.900000000e-02  1.096345237e-15
6.810000000e+00  2.533528942e-16 -3.900000000e-02  1.131039706e-15
6.820000000e+00  2.243205621e-16 -3.900000000e-02  1.179611964e-15
6.830000000e+00  2.942091015e-16 -3.900000000e-02  1.117161919e-15
6.840000000e+00  2.872702076e-16 -3.900000000e-02  1.082467449e-15
6.850000000e+00  2.942091015e-16 -3.900000000e-02  1.131039706e-15
6.860000000e+00  2.602917881e-16 -3.900000000e-02  1.144917494e-15
6.870000000e+00  1.675326544e-16 -3.900000000e-02  1.151856388e-15
6.880000000e+00  2.014499678e-16 -3.900000000e-02  1.235123115e-15
6.890000000e+00  1.675326544e-16 -3.900000000e-02  1.221245327e-15
6.900000000e+00  1.426081475e-16 -3.900000000e-02  1.200428645e-15
6.910000000e+00  1.924571613e-16 -3.900000000e-02  1.172673070e-15
6.920000000e+00  1.924571613e-16 -3.900000000e-02  1.172673070e-15
6.930000000e+00  1.336153410e-16 -3.900000000e-02  1.117161919e-15
6.940000000e+00  2.035038804e-16 -3.900000000e-02  1.096345237e-15
6.950000000e+00  1.924571613e-16 -3.900000000e-02  1.117161919e-15
6.960000000e+00  1.605937605e-16 -3.900000000e-02  1.061650767e-15
6.970000000e+00  1.564859353e-16 -3.900000000e-02  1.040834086e-15
6.980000000e+00  1.654787418e-16 -3.900000000e-02  1.047772979e-15
6.990000000e+00  9.764411502e-17 -3.900000000e-02  1.061650767e-15
7.000000000e+00  1.107447467e-16 -3.900000000e-02  1.013078510e-15
7.010000000e+00  1.266764471e-16 -3.900000000e-02  9.783840405e-16
7.020000000e+00  3.391731340e-17 -3.900000000e-02  9.783840405e-16
7.030000000e+00  5.678790771e-17 -3.900000000e-02  1.033895192e-15
7.040000000e+00  5.678790771e-17 -3.900000000e-02  9.783840405e-16
7.050000000e+00  4.085620731e-17 -3.900000000e-02  9.436895709e-16
7.060000000e+00  3.391731340e-17 -3.900000000e-02  9.783840405e-16
7.070000000e+00  5.884182031e-17 -3.900000000e-02  9.506284648e-16
7.080000000e+00  4.085620731e-17 -3.900000000e-02  9.436895709e-16
7.090000000e+00  6.938893904e-18 -3.900000000e-02  9.506284648e-16
7.100000000e+00 -8.992806499e-18 -3.900000000e-02  9.436895709e-16
7.110000000e+00 -4.291011990e-17 -3.900000000e-02  9.089951014e-16
7.120000000e+00 -6.089573290e-17 -3.900000000e-02  9.228728892e-16
7.130000000e+00 -6.988853940e-17 -3.900000000e-02  9.992007222e-16
7.140000000e+00 -1.176836406e-16 -3.900000000e-02  9.575673587e-16
7.150000000e+00 -5.884182031e-17 -3.900000000e-02  9.783840405e-16
7.160000000e+00 -8.582023980e-17 -3.900000000e-02  9.436895709e-16
7.170000000e+00 -4.291011990e-17 -3.900000000e-02  9.089951014e-16
7.180000000e+00 -1.798561300e-17 -3.900000000e-02  9.992007222e-16
7.190000000e+00  6.783462680e-17 -3.900000000e-02  8.951173136e-16
7.200000000e+00  3.186340081e-17 -3.900000000e-02  9.298117831e-16
7.210000000e+00  6.578071421e-17 -3.900000000e-02  8.812395258e-16
7.220000000e+00  8.171241461e-17 -3.900000000e-02  8.326672685e-16
7.230000000e+00  6.578071421e-17 -3.900000000e-02  7.494005416e-16
7.240000000e+00  6.089573290e-17 -3.900000000e-02  8.257283746e-16
7.250000000e+00  4.291011990e-17 -3.900000000e-02  8.465450563e-16
7.260000000e+00  7.477352071e-17 -3.900000000e-02  8.465450563e-16
7.270000000e+00  8.171241461e-17 -3.900000000e-02  8.326672685e-16
7.280000000e+00  4.779510121e-17 -3.900000000e-02  8.743006319e-16
7.290000000e+00  4.085620731e-17 -3.900000000e-02  8.743006319e-16
7.300000000e+00  8.171241461e-17 -3.900000000e-02  8.326672685e-16
7.310000000e+00  9.275913371e-17 -3.900000000e-02  7.910339050e-16
7.320000000e+00  7.477352071e-17 -3.900000000e-02  7.771561172e-16
7.330000000e+00 -8.992806499e-18 -3.900000000e-02  8.118505868e-16
7.340000000e+00 -8.992806499e-18 -3.900000000e-02  8.118505868e-16
7.350000000e+00 -2.287059431e-17 -3.900000000e-02  7.771561172e-16
7.360000000e+00  4.291011990e-17 -3.900000000e-02  8.118505868e-16
7.370000000e+00  1.176836406e-16 -3.900000000e-02  8.118505868e-16
7.380000000e+00  1.426081475e-16 -3.900000000e-02  7.632783294e-16
7.390000000e+00  1.675326544e-16 -3.900000000e-02  7.285838599e-16
7.400000000e+00  1.426081475e-16 -3.900000000e-02  7.147060721e-16
7.410000000e+00  1.426081475e-16 -3.900000000e-02  7.632783294e-16
7.420000000e+00  9.969802761e-17 -3.900000000e-02  7.285838599e-16
7.430000000e+00  1.426081475e-16 -3.900000000e-02  7.632783294e-16
7.440000000e+00  1.765254609e-16 -3.900000000e-02  6.800116026e-16
7.450000000e+00  1.744715483e-16 -3.900000000e-02  7.285838599e-16
7.460000000e+00  2.284283873e-16 -3.900000000e-02  7.077671782e-16
7.470000000e+00  2.423061751e-16 -3.900000000e-02  6.522560270e-16
7.480000000e+00  2.443600877e-16 -3.900000000e-02  6.938893904e-16
7.490000000e+00  2.782774011e-16 -3.900000000e-02  6.245004514e-16
7.500000000e+00  2.533528942e-16 -3.900000000e-02  5.759281940e-16
7.510000000e+00  2.512989816e-16 -3.900000000e-02  6.245004514e-16
7.520000000e+00  2.533528942e-16 -3.900000000e-02  5.759281940e-16
7.530000000e+00  2.464140003e-16 -3.900000000e-02  6.661338148e-16
7.540000000e+00  1.675326544e-16 -3.900000000e-02  6.800116026e-16
7.550000000e+00  1.426081475e-16 -3.900000000e-02  7.147060721e-16
7.560000000e+00  1.176836406e-16 -3.900000000e-02  6.522560270e-16
7.570000000e+00  1.654787418e-16 -3.900000000e-02  6.938893904e-16
7.580000000e+00  1.176836406e-16 -3.900000000e-02  7.147060721e-16
7.590000000e+00  1.197375532e-16 -3.900000000e-02  7.077671782e-16
7.600000000e+00  1.426081475e-16 -3.900000000e-02  7.147060721e-16
7.610000000e+00  2.104427743e-16 -3.900000000e-02  6.938893904e-16
7.620000000e+00  1.924571613e-16 -3.900000000e-02  6.453171331e-16
7.630000000e+00  2.104427743e-16 -3.900000000e-02  7.285838599e-16
7.640000000e+00  2.692845946e-16 -3.900000000e-02  6.800116026e-16
7.650000000e+00  2.194355808e-16 -3.900000000e-02  6.522560270e-16
7.660000000e+00  2.831623824e-16 -3.900000000e-02  7.424616477e-16
7.670000000e+00  3.689826222e-16 -3.900000000e-02  7.285838599e-16
7.680000000e+00  3.461120279e-16 -3.900000000e-02  7.285838599e-16
7.690000000e+00  4.188316360e-16 -3.900000000e-02  7.632783294e-16
7.700000000e+00  4.437561429e-16 -3.900000000e-02  7.285838599e-16
7.710000000e+00  4.637956685e-16 -3.900000000e-02  7.840950111e-16
7.720000000e+00  4.776734563e-16 -3.900000000e-02  7.424616477e-16
7.730000000e+00  4.368172490e-16 -3.900000000e-02  7.632783294e-16
7.740000000e+00  4.368172490e-16 -3.900000000e-02  6.938893904e-16
7.750000000e+00  4.956590693e-16 -3.900000000e-02  6.245004514e-16
7.760000000e+00  5.365152767e-16 -3.900000000e-02  6.383782392e-16
7.770000000e+00  5.046518758e-16 -3.900000000e-02  6.106226635e-16
7.780000000e+00  5.365152767e-16 -3.900000000e-02  6.383782392e-16
7.790000000e+00  5.724865026e-16 -3.900000000e-02  5.759281940e-16
7.800000000e+00  5.115907697e-16 -3.900000000e-02  6.591949209e-16
7.810000000e+00  4.776734563e-16 -3.900000000e-02  7.424616477e-16
7.820000000e+00  5.614397836e-16 -3.900000000e-02  6.938893904e-16
7.830000000e+00  5.863642905e-16 -3.900000000e-02  6.453171331e-16
7.840000000e+00  5.724865026e-16 -3.900000000e-02  6.106226635e-16
7.850000000e+00  6.403211295e-16 -3.900000000e-02  6.245004514e-16
7.860000000e+00  6.991629498e-16 -3.900000000e-02  6.106226635e-16
7.870000000e+00  7.150946502e-16 -3.900000000e-02  5.898059818e-16
7.880000000e+00  6.742384429e-16 -3.900000000e-02  6.453171331e-16
7.890000000e+00  7.808753644e-16 -3.900000000e-02  6.591949209e-16
7.900000000e+00  7.420730697e-16 -3.900000000e-02  6.245004514e-16
7.910000000e+00  8.168465904e-16 -3.900000000e-02  6.245004514e-16
7.920000000e+00  8.057998713e-16 -3.900000000e-02  6.383782392e-16
7.930000000e+00  8.487099912e-16 -3.900000000e-02  6.938893904e-16
7.940000000e+00  8.597567103e-16 -3.900000000e-02  6.106226635e-16
7.950000000e+00  9.096057241e-16 -3.900000000e-02  5.273559367e-16
7.960000000e+00  8.846812172e-16 -3.900000000e-02  5.759281940e-16
7.970000000e+00  7.919220835e-16 -3.900000000e-02  5.898059818e-16
7.980000000e+00  7.919220835e-16 -3.900000000e-02  5.898059818e-16
7.990000000e+00  8.168465904e-16 -3.900000000e-02  6.245004514e-16
8.000000000e+00  8.826273046e-16 -3.900000000e-02  6.106226635e-16
8.010000000e+00  8.057998713e-16 -3.900000000e-02  6.383782392e-16
8.020000000e+00  8.057998713e-16 -3.900000000e-02  6.383782392e-16
8.030000000e+00  7.469580510e-16 -3.900000000e-02  7.424616477e-16
8.040000000e+00  8.009148900e-16 -3.900000000e-02  7.147060721e-16
8.050000000e+00  9.116596367e-16 -3.900000000e-02  6.800116026e-16
8.060000000e+00  9.116596367e-16 -3.900000000e-02  6.800116026e-16
8.070000000e+00  9.615086505e-16 -3.900000000e-02  7.077671782e-16
8.080000000e+00  9.753864383e-16 -3.900000000e-02  7.632783294e-16
8.090000000e+00  1.009303752e-15 -3.900000000e-02  7.771561172e-16
8.100000000e+00  1.052213872e-15 -3.900000000e-02  7.147060721e-16
8.110000000e+00  1.102062885e-15 -3.900000000e-02  6.800116026e-16
8.120000000e+00  1.045274978e-15 -3.900000000e-02  6.800116026e-16
8.130000000e+00  1.011357664e-15 -3.900000000e-02  6.245004514e-16
8.140000000e+00  9.116596367e-16 -3.900000000e-02  6.800116026e-16
8.150000000e+00  9.096057241e-16 -3.900000000e-02  7.285838599e-16
8.160000000e+00  9.234835119e-16 -3.900000000e-02  7.771561172e-16
8.170000000e+00  1.002364858e-15 -3.900000000e-02  7.910339050e-16
8.180000000e+00  1.068145572e-15 -3.900000000e-02  7.563394355e-16
8.190000000e+00  1.018296558e-15 -3.900000000e-02  7.285838599e-16
8.200000000e+00  1.002364858e-15 -3.900000000e-02  7.910339050e-16
8.210000000e+00  9.753864383e-16 -3.900000000e-02  7.632783294e-16
8.220000000e+00  9.684475444e-16 -3.900000000e-02  8.118505868e-16
8.230000000e+00  1.027289365e-15 -3.900000000e-02  7.424616477e-16
8.240000000e+00  1.068145572e-15 -3.900000000e-02  7.563394355e-16
8.250000000e+00  1.228739333e-15 -3.900000000e-02  6.730727087e-16
8.260000000e+00  1.228739333e-15 -3.900000000e-02  6.730727087e-16
8.270000000e+00  1.203814826e-15 -3.900000000e-02  6.800116026e-16
8.280000000e+00  1.169897512e-15 -3.900000000e-02  7.840950111e-16
8.290000000e+00  1.298627872e-15 -3.900000000e-02  7.285838599e-16
8.300000000e+00  1.244671033e-15 -3.900000000e-02  7.494005416e-16
8.310000000e+00  1.244671033e-15 -3.900000000e-02  7.494005416e-16
8.320000000e+00  1.178890319e-15 -3.900000000e-02  8.118505868e-16
8.330000000e+00  1.219746526e-15 -3.900000000e-02  7.979727989e-16
8.340000000e+00  1.298627872e-15 -3.900000000e-02  7.285838599e-16
8.350000000e+00  1.296573959e-15 -3.900000000e-02  7.632783294e-16
8.360000000e+00  1.321498466e-15 -3.900000000e-02  7.285838599e-16
8.370000000e+00  1.246724946e-15 -3.900000000e-02  8.257283746e-16
8.380000000e+00  1.296573959e-15 -3.900000000e-02  7.979727989e-16
8.390000000e+00  1.246724946e-15 -3.900000000e-02  8.257283746e-16
8.400000000e+00  1.271649452e-15 -3.900000000e-02  8.118505868e-16
8.410000000e+00  1.219746526e-15 -3.900000000e-02  7.979727989e-16
8.420000000e+00  1.219746526e-15 -3.900000000e-02  7.979727989e-16
8.430000000e+00  1.194822019e-15 -3.900000000e-02  7.632783294e-16
8.440000000e+00  1.219746526e-15 -3.900000000e-02  7.979727989e-16
8.450000000e+00  1.310451747e-15 -3.900000000e-02  7.979727989e-16
8.460000000e+00  1.253663839e-15 -3.900000000e-02  7.077671782e-16
8.470000000e+00  1.230793245e-15 -3.900000000e-02  7.285838599e-16
8.480000000e+00  1.253663839e-15 -3.900000000e-02  7.077671782e-16
8.490000000e+00  1.253663839e-15 -3.900000000e-02  7.077671782e-16
8.500000000e+00  1.212807632e-15 -3.900000000e-02  7.424616477e-16
8.510000000e+00  1.203814826e-15 -3.900000000e-02  6.800116026e-16
8.520000000e+00  1.135980199e-15 -3.900000000e-02  6.661338148e-16
8.530000000e+00  1.117994586e-15 -3.900000000e-02  6.800116026e-16
8.540000000e+00  1.153965812e-15 -3.900000000e-02  7.771561172e-16
8.550000000e+00  1.167843600e-15 -3.900000000e-02  7.147060721e-16
8.560000000e+00  1.144973005e-15 -3.900000000e-02  7.077671782e-16
8.570000000e+00  1.126987392e-15 -3.900000000e-02  7.424616477e-16
8.580000000e+00  1.102062885e-15 -3.900000000e-02  6.800116026e-16
8.590000000e+00  1.075084466e-15 -3.900000000e-02  7.147060721e-16
8.600000000e+00  1.018296558e-15 -3.900000000e-02  7.285838599e-16
8.610000000e+00  1.027289365e-15 -3.900000000e-02  6.938893904e-16
8.620000000e+00  9.753864383e-16 -3.900000000e-02  6.661338148e-16
8.630000000e+00  8.826273046e-16 -3.900000000e-02  6.591949209e-16
8.640000000e+00  9.345302310e-16 -3.900000000e-02  5.898059818e-16
8.650000000e+00  9.594547379e-16 -3.900000000e-02  5.412337245e-16
8.660000000e+00  9.574008253e-16 -3.900000000e-02  5.898059818e-16
8.670000000e+00  9.185985306e-16 -3.900000000e-02  5.759281940e-16
8.680000000e+00  9.345302310e-16 -3.900000000e-02  5.898059818e-16
8.690000000e+00  9.345302310e-16 -3.900000000e-02  5.898059818e-16
8.700000000e+00  8.916201111e-16 -3.900000000e-02  5.481726184e-16
8.710000000e+00  8.687495168e-16 -3.900000000e-02  6.522560270e-16
8.720000000e+00  8.397171847e-16 -3.900000000e-02  6.245004514e-16
8.730000000e+00  8.577027977e-16 -3.900000000e-02  7.285838599e-16
8.740000000e+00  8.736344981e-16 -3.900000000e-02  7.494005416e-16
8.750000000e+00  8.438250099e-16 -3.900000000e-02  6.938893904e-16
8.760000000e+00  7.469580510e-16 -3.900000000e-02  7.424616477e-16
8.770000000e+00  8.078537839e-16 -3.900000000e-02  7.077671782e-16
8.780000000e+00  8.577027977e-16 -3.900000000e-02  7.285838599e-16
8.790000000e+00  8.846812172e-16 -3.900000000e-02  7.632783294e-16
8.800000000e+00  8.985590050e-16 -3.900000000e-02  7.979727989e-16
8.810000000e+00  9.753864383e-16 -3.900000000e-02  7.632783294e-16
8.820000000e+00  9.525158440e-16 -3.900000000e-02  7.563394355e-16
8.830000000e+00  9.753864383e-16 -3.900000000e-02  7.632783294e-16
8.840000000e+00  8.846812172e-16 -3.900000000e-02  7.632783294e-16
8.850000000e+00  8.597567103e-16 -3.900000000e-02  7.840950111e-16
8.860000000e+00  8.237854843e-16 -3.900000000e-02  8.257283746e-16
8.870000000e+00  8.846812172e-16 -3.900000000e-02  7.771561172e-16
8.880000000e+00  8.985590050e-16 -3.900000000e-02  7.979727989e-16
8.890000000e+00  9.414691249e-16 -3.900000000e-02  7.424616477e-16
8.900000000e+00  9.753864383e-16 -3.900000000e-02  7.632783294e-16
8.910000000e+00  9.933720513e-16 -3.900000000e-02  7.771561172e-16
8.920000000e+00  9.165446180e-16 -3.900000000e-02  7.840950111e-16
8.930000000e+00  1.025235452e-15 -3.900000000e-02  7.979727989e-16
8.940000000e+00  9.504619314e-16 -3.900000000e-02  7.979727989e-16
8.950000000e+00  1.002364858e-15 -3.900000000e-02  7.910339050e-16
8.960000000e+00  1.009303752e-15 -3.900000000e-02  7.771561172e-16
8.970000000e+00  1.000310945e-15 -3.900000000e-02  7.424616477e-16
8.980000000e+00  1.027289365e-15 -3.900000000e-02  6.938893904e-16
8.990000000e+00  1.029343277e-15 -3.900000000e-02  6.383782392e-16
9.000000000e+00  1.043221065e-15 -3.900000000e-02  7.077671782e-16
9.010000000e+00  1.178890319e-15 -3.900000000e-02  6.383782392e-16
9.020000000e+00  1.178890319e-15 -3.900000000e-02  6.383782392e-16
9.030000000e+00  1.205868738e-15 -3.900000000e-02  5.759281940e-16
9.040000000e+00  1.246724946e-15 -3.900000000e-02  5.551115123e-16
9.050000000e+00  1.230793245e-15 -3.900000000e-02  5.412337245e-16
9.060000000e+00  1.176836406e-15 -3.900000000e-02  5.481726184e-16
9.070000000e+00  1.226685420e-15 -3.900000000e-02  5.759281940e-16
9.080000000e+00  1.303512853e-15 -3.900000000e-02  5.759281940e-16
9.090000000e+00  1.253663839e-15 -3.900000000e-02  5.967448757e-16
9.100000000e+00  1.271649452e-15 -3.900000000e-02  6.106226635e-16
9.110000000e+00  1.226685420e-15 -3.900000000e-02  5.759281940e-16
9.120000000e+00  1.217692613e-15 -3.900000000e-02  6.245004514e-16
9.130000000e+00  1.253663839e-15 -3.900000000e-02  5.967448757e-16
9.140000000e+00  1.253663839e-15 -3.900000000e-02  5.967448757e-16
9.150000000e+00  1.280642259e-15 -3.900000000e-02  5.759281940e-16
9.160000000e+00  1.303512853e-15 -3.900000000e-02  6.245004514e-16
9.170000000e+00  1.371347480e-15 -3.900000000e-02  5.620504062e-16
9.180000000e+00  1.371347480e-15 -3.900000000e-02  5.898059818e-16
9.190000000e+00  1.432243213e-15 -3.900000000e-02  5.481726184e-16
9.200000000e+00  1.432243213e-15 -3.900000000e-02  5.273559367e-16
9.210000000e+00  1.430189300e-15 -3.900000000e-02  4.579669977e-16
9.220000000e+00  1.391387006e-15 -3.900000000e-02  4.440892099e-16
9.230000000e+00  1.480038314e-15 -3.900000000e-02  4.024558464e-16
9.240000000e+00  1.439182107e-15 -3.900000000e-02  3.400058013e-16
9.250000000e+00  1.464106614e-15 -3.900000000e-02  3.677613769e-16
9.260000000e+00  1.464106614e-15 -3.900000000e-02  3.400058013e-16
9.270000000e+00  1.518063453e-15 -3.900000000e-02  3.261280135e-16
9.280000000e+00  1.531941241e-15 -3.900000000e-02  3.053113318e-16
9.290000000e+00  1.482092227e-15 -3.900000000e-02  2.914335440e-16
9.300000000e+00  1.516009540e-15 -3.900000000e-02  2.844946501e-16
9.310000000e+00  1.489031121e-15 -3.900000000e-02  3.053113318e-16
9.320000000e+00  1.475153333e-15 -3.900000000e-02  3.053113318e-16
9.330000000e+00  1.439182107e-15 -3.900000000e-02  3.400058013e-16
9.340000000e+00  1.439182107e-15 -3.900000000e-02  3.885780586e-16
9.350000000e+00  1.366462499e-15 -3.900000000e-02  2.914335440e-16
9.360000000e+00  1.389333093e-15 -3.900000000e-02  3.677613769e-16
9.370000000e+00  1.389333093e-15 -3.900000000e-02  3.677613769e-16
9.380000000e+00  1.321498466e-15 -3.900000000e-02  3.747002708e-16
9.390000000e+00  1.278588346e-15 -3.900000000e-02  4.024558464e-16
9.400000000e+00  1.289635065e-15 -3.900000000e-02  4.232725281e-16
9.410000000e+00  1.378286374e-15 -3.900000000e-02  3.538835891e-16
9.420000000e+00  1.346422973e-15 -3.900000000e-02  3.400058013e-16
9.430000000e+00  1.337430167e-15 -3.900000000e-02  2.914335440e-16
9.440000000e+00  1.337430167e-15 -3.900000000e-02  2.914335440e-16
9.450000000e+00  1.323552379e-15 -3.900000000e-02  3.330669074e-16
9.460000000e+00  1.323552379e-15 -3.900000000e-02  3.330669074e-16
9.470000000e+00  1.262656646e-15 -3.900000000e-02  3.747002708e-16
9.480000000e+00  1.196875932e-15 -3.900000000e-02  4.371503159e-16
9.490000000e+00  1.176836406e-15 -3.900000000e-02  5.481726184e-16
9.500000000e+00  1.129041305e-15 -3.900000000e-02  5.273559367e-16
9.510000000e+00  1.086131185e-15 -3.900000000e-02  5.412337245e-16
9.520000000e+00  1.111055692e-15 -3.900000000e-02  5.273559367e-16
9.530000000e+00  1.187883125e-15 -3.900000000e-02  4.718447855e-16
9.540000000e+00  1.153965812e-15 -3.900000000e-02  5.065392550e-16
9.550000000e+00  1.278588346e-15 -3.900000000e-02  4.718447855e-16
9.560000000e+00  1.287581153e-15 -3.900000000e-02  5.412337245e-16
9.570000000e+00  1.287581153e-15 -3.900000000e-02  5.412337245e-16
9.580000000e+00  1.285527240e-15 -3.900000000e-02  5.759281940e-16
9.590000000e+00  1.328437360e-15 -3.900000000e-02  5.412337245e-16
9.600000000e+00  1.423250406e-15 -3.900000000e-02  4.926614672e-16
9.610000000e+00  1.457167720e-15 -3.900000000e-02  4.787836794e-16
9.620000000e+00  1.448174913e-15 -3.900000000e-02  4.579669977e-16
9.630000000e+00  1.504962821e-15 -3.900000000e-02  4.440892099e-16
9.640000000e+00  1.387279180e-15 -3.900000000e-02  5.065392550e-16
9.650000000e+00  1.305566766e-15 -3.900000000e-02  5.204170428e-16
9.660000000e+00  1.253663839e-15 -3.900000000e-02  5.967448757e-16
9.670000000e+00  1.357469692e-15 -3.900000000e-02  6.245004514e-16
9.680000000e+00  1.355415780e-15 -3.900000000e-02  5.551115123e-16
9.690000000e+00  1.246724946e-15 -3.900000000e-02  5.551115123e-16
9.700000000e+00  1.262656646e-15 -3.900000000e-02  5.759281940e-16
9.710000000e+00  1.246724946e-15 -3.900000000e-02  5.551115123e-16
9.720000000e+00  1.212807632e-15 -3.900000000e-02  5.481726184e-16
9.730000000e+00  1.212807632e-15 -3.900000000e-02  5.273559367e-16
9.740000000e+00  1.153965812e-15 -3.900000000e-02  5.065392550e-16
9.750000000e+00  1.111055692e-15 -3.900000000e-02  5.273559367e-16
9.760000000e+00  1.160904706e-15 -3.900000000e-02  5.481726184e-16
9.770000000e+00  1.187883125e-15 -3.900000000e-02  5.967448757e-16
9.780000000e+00  1.151911899e-15 -3.900000000e-02  6.938893904e-16
9.790000000e+00  1.194822019e-15 -3.900000000e-02  7.632783294e-16
9.800000000e+00  1.269595540e-15 -3.900000000e-02  7.147060721e-16
9.810000000e+00  1.230793245e-15 -3.900000000e-02  7.285838599e-16
9.820000000e+00  1.287581153e-15 -3.900000000e-02  7.147060721e-16
9.830000000e+00  1.296573959e-15 -3.900000000e-02  6.938893904e-16
9.840000000e+00  1.337430167e-15 -3.900000000e-02  7.424616477e-16
9.850000000e+00  1.346422973e-15 -3.900000000e-02  7.632783294e-16
9.860000000e+00  1.382394199e-15 -3.900000000e-02  7.771561172e-16
9.870000000e+00  1.364408586e-15 -3.900000000e-02  7.771561172e-16
9.880000000e+00  1.421196494e-15 -3.900000000e-02  7.771561172e-16
9.890000000e+00  1.507016734e-15 -3.900000000e-02  7.840950111e-16
9.900000000e+00  1.421196494e-15 -3.900000000e-02  7.771561172e-16
9.910000000e+00  1.389333093e-15 -3.900000000e-02  8.118505868e-16
9.920000000e+00  1.296573959e-15 -3.900000000e-02  8.465450563e-16
9.930000000e+00  1.235678226e-15 -3.900000000e-02  8.326672685e-16
9.940000000e+00  1.219746526e-15 -3.900000000e-02  8.951173136e-16
9.950000000e+00  1.219746526e-15 -3.900000000e-02  8.951173136e-16
9.960000000e+00  1.260602733e-15 -3.900000000e-02  8.604228441e-16
9.970000000e+00  1.203814826e-15 -3.900000000e-02  9.506284648e-16
9.980000000e+00  1.203814826e-15 -3.900000000e-02  9.506284648e-16
9.990000000e+00  1.246724946e-15 -3.900000000e-02  9.228728892e-16
1.000000000e+01  1.162958618e-15 -3.900000000e-02  8.881784197e-16
