0.000000000e+00 0.000000000e+00 1.221730476e+00 0.000000000e+00
1.000000000e-02 0.000000000e+00 1.221730479e+00 0.000000000e+00
2.000000000e-02 0.000000000e+00 1.221730496e+00 0.000000000e+00
3.000000000e-02 0.000000000e+00 1.221730541e+00 0.000000000e+00
4.000000000e-02 0.000000000e+00 1.221730629e+00 0.000000000e+00
5.000000000e-02 0.000000000e+00 1.221730774e+00 0.000000000e+00
6.000000000e-02 0.000000000e+00 1.221730991e+00 0.000000000e+00
7.000000000e-02 0.000000000e+00 1.221731292e+00 0.000000000e+00
8.000000000e-02 0.000000000e+00 1.221731692e+00 0.000000000e+00
9.000000000e-02 0.000000000e+00 1.221732204e+00 0.000000000e+00
1.000000000e-01 0.000000000e+00 1.221732843e+00 0.000000000e+00
1.100000000e-01 0.000000000e+00 1.221733622e+00 0.000000000e+00
1.200000000e-01 0.000000000e+00 1.221734554e+00 0.000000000e+00
1.300000000e-01 0.000000000e+00 1.221735652e+00 0.000000000e+00
1.400000000e-01 0.000000000e+00 1.221736931e+00 0.000000000e+00
1.500000000e-01 0.000000000e+00 1.221738403e+00 0.000000000e+00
1.600000000e-01 0.000000000e+00 1.221740082e+00 0.000000000e+00
1.700000000e-01 0.000000000e+00 1.221741981e+00 0.000000000e+00
1.800000000e-01 0.000000000e+00 1.221744112e+00 0.000000000e+00
1.900000000e-01 0.000000000e+00 1.221746489e+00 0.000000000e+00
2.000000000e-01 0.000000000e+00 1.221749124e+00 0.000000000e+00
2.100000000e-01 0.000000000e+00 1.221752030e+00 0.000000000e+00
2.200000000e-01 0.000000000e+00 1.221755221e+00 0.000000000e+00
2.300000000e-01 0.000000000e+00 1.221758707e+00 0.000000000e+00
2.400000000e-01 0.000000000e+00 1.221762503e+00 0.000000000e+00
2.500000000e-01 0.000000000e+00 1.221766620e+00 0.000000000e+00
2.600000000e-01 0.000000000e+00 1.221771071e+00 0.000000000e+00
2.700000000e-01 0.000000000e+00 1.221775868e+00 0.000000000e+00
2.800000000e-01 0.000000000e+00 1.221781023e+00 0.000000000e+00
2.900000000e-01 0.000000000e+00 1.221786548e+00 0.000000000e+00
3.000000000e-01 0.000000000e+00 1.221792456e+00 0.000000000e+00
3.100000000e-01 0.000000000e+00 1.221798757e+00 0.000000000e+00
3.200000000e-01 0.000000000e+00 1.221805465e+00 0.000000000e+00
3.300000000e-01 0.000000000e+00 1.221812590e+00 0.000000000e+00
3.400000000e-01 0.000000000e+00 1.221820145e+00 0.000000000e+00
3.500000000e-01 0.000000000e+00 1.221828141e+00 0.000000000e+00
3.600000000e-01 0.000000000e+00 1.221836589e+00 0.000000000e+00
3.700000000e-01 0.000000000e+00 1.221845501e+00 0.000000000e+00
3.800000000e-01 0.000000000e+00 1.221854889e+00 0.000000000e+00
3.900000000e-01 0.000000000e+00 1.221864763e+00 0.000000000e+00
4.000000000e-01 0.000000000e+00 1.221875135e+00 0.000000000e+00
4.100000000e-01 0.000000000e+00 1.221886016e+00 0.000000000e+00
4.200000000e-01 0.000000000e+00 1.221897416e+00 0.000000000e+00
4.300000000e-01 0.000000000e+00 1.221909348e+00 0.000000000e+00
4.400000000e-01 0.000000000e+00 1.221921821e+00 0.000000000e+00
4.500000000e-01 0.000000000e+00 1.221934846e+00 0.000000000e+00
4.600000000e-01 0.000000000e+00 1.221948435e+00 0.000000000e+00
4.700000000e-01 0.000000000e+00 1.221962597e+00 0.000000000e+00
4.800000000e-01 0.000000000e+00 1.221977343e+00 0.000000000e+00
4.900000000e-01 0.000000000e+00 1.221992684e+00 0.000000000e+00
5.000000000e-01 0.000000000e+00 1.222008630e+00 0.000000000e+00
5.100000000e-01 0.000000000e+00 1.222025192e+00 0.000000000e+00
5.200000000e-01 0.000000000e+00 1.222042378e+00 0.000000000e+00
5.300000000e-01 0.000000000e+00 1.222060201e+00 0.000000000e+00
5.400000000e-01 0.000000000e+00 1.222078669e+00 0.000000000e+00
5.500000000e-01 0.000000000e+00 1.222097792e+00 0.000000000e+00
5.600000000e-01 0.000000000e+00 1.222117581e+00 0.000000000e+00
5.700000000e-01 0.000000000e+00 1.222138045e+00 0.000000000e+00
5.800000000e-01 0.000000000e+00 1.222159194e+00 0.000000000e+00
5.900000000e-01 0.000000000e+00 1.222181038e+00 0.000000000e+00
6.000000000e-01 0.000000000e+00 1.222203586e+00 0.000000000e+00
6.100000000e-01 0.000000000e+00 1.222226847e+00 0.000000000e+00
6.200000000e-01 0.000000000e+00 1.222250831e+00 0.000000000e+00
6.300000000e-01 0.000000000e+00 1.222275548e+00 0.000000000e+00
6.400000000e-01 0.000000000e+00 1.222301005e+00 0.000000000e+00
6.500000000e-01 0.000000000e+00 1.222327214e+00 0.000000000e+00
6.600000000e-01 0.000000000e+00 1.222354182e+00 0.000000000e+00
6.700000000e-01 0.000000000e+00 1.222381918e+00 0.000000000e+00
6.800000000e-01 0.000000000e+00 1.222410433e+00 0.000000000e+00
6.900000000e-01 0.000000000e+00 1.222439733e+00 0.000000000e+00
7.000000000e-01 0.000000000e+00 1.222469828e+00 0.000000000e+00
7.100000000e-01 0.000000000e+00 1.222500728e+00 0.000000000e+00
7.200000000e-01 0.000000000e+00 1.222532439e+00 0.000000000e+00
7.300000000e-01 0.000000000e+00 1.222564971e+00 0.000000000e+00
7.400000000e-01 0.000000000e+00 1.222598332e+00 0.000000000e+00
7.500000000e-01 0.000000000e+00 1.222632531e+00 0.000000000e+00
7.600000000e-01 0.000000000e+00 1.222667576e+00 0.000000000e+00
7.700000000e-01 0.000000000e+00 1.222703474e+00 0.000000000e+00
7.800000000e-01 0.000000000e+00 1.222740234e+00 0.000000000e+00
7.900000000e-01 0.000000000e+00 1.222777865e+00 0.000000000e+00
8.000000000e-01 0.000000000e+00 1.222816373e+00 0.000000000e+00
8.100000000e-01 0.000000000e+00 1.222855767e+00 0.000000000e+00
8.200000000e-01 0.000000000e+00 1.222896054e+00 0.000000000e+00
8.300000000e-01 0.000000000e+00 1.222937243e+00 0.000000000e+00
8.400000000e-01 0.000000000e+00 1.222979340e+00 0.000000000e+00
8.500000000e-01 0.000000000e+00 1.223022354e+00 0.000000000e+00
8.600000000e-01 0.000000000e+00 1.223066292e+00 0.000000000e+00
8.700000000e-01 0.000000000e+00 1.223111160e+00 0.000000000e+00
8.800000000e-01 0.000000000e+00 1.223156967e+00 0.000000000e+00
8.900000000e-01 0.000000000e+00 1.223203720e+00 0.000000000e+00
9.000000000e-01 0.000000000e+00 1.223251425e+00 0.000000000e+00
9.100000000e-01 0.000000000e+00 1.223300090e+00 0.000000000e+00
9.200000000e-01 0.000000000e+00 1.223349722e+00 0.000000000e+00
9.300000000e-01 0.000000000e+00 1.223400328e+00 0.000000000e+00
9.400000000e-01 0.000000000e+00 1.223451914e+00 0.000000000e+00
9.500000000e-01 0.000000000e+00 1.223504487e+00 0.000000000e+00
9.600000000e-01 0.000000000e+00 1.223558054e+00 0.000000000e+00
9.700000000e-01 0.000000000e+00 1.223612621e+00 0.000000000e+00
9.800000000e-01 0.000000000e+00 1.223668195e+00 0.000000000e+00
9.900000000e-01 0.000000000e+00 1.223724783e+00 0.000000000e+00
1.000000000e+00 0.000000000e+00 1.223782390e+00 0.000000000e+00
1.010000000e+00 0.000000000e+00 1.223841023e+00 0.000000000e+00
1.020000000e+00 0.000000000e+00 1.223900688e+00 0.000000000e+00
1.030000000e+00 0.000000000e+00 1.223961391e+00 0.000000000e+00
1.040000000e+00 0.000000000e+00 1.224023138e+00 0.000000000e+00
1.050000000e+00 0.000000000e+00 1.224085935e+00 0.000000000e+00
1.060000000e+00 0.000000000e+00 1.224149788e+00 0.000000000e+00
1.070000000e+00 0.000000000e+00 1.224214703e+00 0.000000000e+00
1.080000000e+00 0.000000000e+00 1.224280685e+00 0.000000000e+00
1.090000000e+00 0.000000000e+00 1.224347740e+00 0.000000000e+00
1.100000000e+00 0.000000000e+00 1.224415874e+00 0.000000000e+00
1.110000000e+00 0.000000000e+00 1.224485092e+00 0.000000000e+00
1.120000000e+00 0.000000000e+00 1.224555399e+00 0.000000000e+00
1.130000000e+00 0.000000000e+00 1.224626801e+00 0.000000000e+00
1.140000000e+00 0.000000000e+00 1.224699303e+00 0.000000000e+00
1.150000000e+00 0.000000000e+00 1.224772910e+00 0.000000000e+00
1.160000000e+00 0.000000000e+00 1.224847627e+00 0.000000000e+00
1.170000000e+00 0.000000000e+00 1.224923460e+00 0.000000000e+00
1.180000000e+00 0.000000000e+00 1.225000412e+00 0.000000000e+00
1.190000000e+00 0.000000000e+00 1.225078490e+00 0.000000000e+00
1.200000000e+00 0.000000000e+00 1.225157697e+00 0.000000000e+00
1.210000000e+00 0.000000000e+00 1.225238039e+00 0.000000000e+00
1.220000000e+00 0.000000000e+00 1.225319520e+00 0.000000000e+00
1.230000000e+00 0.000000000e+00 1.225402144e+00 0.000000000e+00
1.240000000e+00 0.000000000e+00 1.225485917e+00 0.000000000e+00
1.250000000e+00 0.000000000e+00 1.225570842e+00 0.000000000e+00
1.260000000e+00 0.000000000e+00 1.225656923e+00 0.000000000e+00
1.270000000e+00 0.000000000e+00 1.225744166e+00 0.000000000e+00
1.280000000e+00 0.000000000e+00 1.225832573e+00 0.000000000e+00
1.290000000e+00 0.000000000e+00 1.225922150e+00 0.000000000e+00
1.300000000e+00 0.000000000e+00 1.226012901e+00 0.000000000e+00
1.310000000e+00 0.000000000e+00 1.226104828e+00 0.000000000e+00
1.320000000e+00 0.000000000e+00 1.226197936e+00 0.000000000e+00
1.330000000e+00 0.000000000e+00 1.226292229e+00 0.000000000e+00
1.340000000e+00 0.000000000e+00 1.226387711e+00 0.000000000e+00
1.350000000e+00 0.000000000e+00 1.226484385e+00 0.000000000e+00
1.360000000e+00 0.000000000e+00 1.226582254e+00 0.000000000e+00
1.370000000e+00 0.000000000e+00 1.226681323e+00 0.000000000e+00
1.380000000e+00 0.000000000e+00 1.226781594e+00 0.000000000e+00
1.390000000e+00 0.000000000e+00 1.226883071e+00 0.000000000e+00
1.400000000e+00 0.000000000e+00 1.226985758e+00 0.000000000e+00
1.410000000e+00 0.000000000e+00 1.227089656e+00 0.000000000e+00
1.420000000e+00 0.000000000e+00 1.227194770e+00 0.000000000e+00
1.430000000e+00 0.000000000e+00 1.227301103e+00 0.000000000e+00
1.440000000e+00 0.000000000e+00 1.227408657e+00 0.000000000e+00
1.450000000e+00 0.000000000e+00 1.227517436e+00 0.000000000e+00
1.460000000e+00 0.000000000e+00 1.227627441e+00 0.000000000e+00
1.470000000e+00 0.000000000e+00 1.227738677e+00 0.000000000e+00
1.480000000e+00 0.000000000e+00 1.227851145e+00 0.000000000e+00
1.490000000e+00 0.000000000e+00 1.227964849e+00 0.000000000e+00
1.500000000e+00 0.000000000e+00 1.228079790e+00 0.000000000e+00
1.510000000e+00 0.000000000e+00 1.228195971e+00 0.000000000e+00
1.520000000e+00 0.000000000e+00 1.228313395e+00 0.000000000e+00
1.530000000e+00 0.000000000e+00 1.228432064e+00 0.000000000e+00
1.540000000e+00 0.000000000e+00 1.228551980e+00 0.000000000e+00
1.550000000e+00 0.000000000e+00 1.228673145e+00 0.000000000e+00
1.560000000e+00 0.000000000e+00 1.228795562e+00 0.000000000e+00
1.570000000e+00 0.000000000e+00 1.228919232e+00 0.000000000e+00
1.580000000e+00 0.000000000e+00 1.229044157e+00 0.000000000e+00
1.590000000e+00 0.000000000e+00 1.229170340e+00 0.000000000e+00
1.600000000e+00 0.000000000e+00 1.229297782e+00 0.000000000e+00
1.610000000e+00 0.000000000e+00 1.229426485e+00 0.000000000e+00
1.620000000e+00 0.000000000e+00 1.229556450e+00 0.000000000e+00
1.630000000e+00 0.000000000e+00 1.229687680e+00 0.000000000e+00
1.640000000e+00 0.000000000e+00 1.229820175e+00 0.000000000e+00
1.650000000e+00 0.000000000e+00 1.229953938e+00 0.000000000e+00
1.660000000e+00 0.000000000e+00 1.230088969e+00 0.000000000e+00
1.670000000e+00 0.000000000e+00 1.230225269e+00 0.000000000e+00
1.680000000e+00 0.000000000e+00 1.230362842e+00 0.000000000e+00
1.690000000e+00 0.000000000e+00 1.230501686e+00 0.000000000e+00
1.700000000e+00 0.000000000e+00 1.230641804e+00 0.000000000e+00
1.710000000e+00 0.000000000e+00 1.230783197e+00 0.000000000e+00
1.720000000e+00 0.000000000e+00 1.230925865e+00 0.000000000e+00
1.730000000e+00 0.000000000e+00 1.231069810e+00 0.000000000e+00
1.740000000e+00 0.000000000e+00 1.231215032e+00 0.000000000e+00
1.750000000e+00 0.000000000e+00 1.231361532e+00 0.000000000e+00
1.760000000e+00 0.000000000e+00 1.231509311e+00 0.000000000e+00
1.770000000e+00 0.000000000e+00 1.231658370e+00 0.000000000e+00
1.780000000e+00 0.000000000e+00 1.231808709e+00 0.000000000e+00
1.790000000e+00 0.000000000e+00 1.231960329e+00 0.000000000e+00
1.800000000e+00 0.000000000e+00 1.232113230e+00 0.000000000e+00
1.810000000e+00 0.000000000e+00 1.232267413e+00 0.000000000e+00
1.820000000e+00 0.000000000e+00 1.232422877e+00 0.000000000e+00
1.830000000e+00 0.000000000e+00 1.232579624e+00 0.000000000e+00
1.840000000e+00 0.000000000e+00 1.232737653e+00 0.000000000e+00
1.850000000e+00 0.000000000e+00 1.232896965e+00 0.000000000e+00
1.860000000e+00 0.000000000e+00 1.233057560e+00 0.000000000e+00
1.870000000e+00 0.000000000e+00 1.233219437e+00 0.000000000e+00
1.880000000e+00 0.000000000e+00 1.233382597e+00 0.000000000e+00
1.890000000e+00 0.000000000e+00 1.233547040e+00 0.000000000e+00
1.900000000e+00 0.000000000e+00 1.233712765e+00 0.000000000e+00
1.910000000e+00 0.000000000e+00 1.233879772e+00 0.000000000e+00
1.920000000e+00 0.000000000e+00 1.234048062e+00 0.000000000e+00
1.930000000e+00 0.000000000e+00 1.234217632e+00 0.000000000e+00
1.940000000e+00 0.000000000e+00 1.234388484e+00 0.000000000e+00
1.950000000e+00 0.000000000e+00 1.234560617e+00 0.000000000e+00
1.960000000e+00 0.000000000e+00 1.234734030e+00 0.000000000e+00
1.970000000e+00 0.000000000e+00 1.234908723e+00 0.000000000e+00
1.980000000e+00 0.000000000e+00 1.235084694e+00 0.000000000e+00
1.990000000e+00 0.000000000e+00 1.235261944e+00 0.000000000e+00
2.000000000e+00 0.000000000e+00 1.235440471e+00 0.000000000e+00
2.010000000e+00 0.000000000e+00 1.235620275e+00 0.000000000e+00
2.020000000e+00 0.000000000e+00 1.235801355e+00 0.000000000e+00
2.030000000e+00 0.000000000e+00 1.235983710e+00 0.000000000e+00
2.040000000e+00 0.000000000e+00 1.236167338e+00 0.000000000e+00
2.050000000e+00 0.000000000e+00 1.236352240e+00 0.000000000e+00
2.060000000e+00 0.000000000e+00 1.236538413e+00 0.000000000e+00
2.070000000e+00 0.000000000e+00 1.236725857e+00 0.000000000e+00
2.080000000e+00 0.000000000e+00 1.236914570e+00 0.000000000e+00
2.090000000e+00 0.000000000e+00 1.237104551e+00 0.000000000e+00
2.100000000e+00 0.000000000e+00 1.237295799e+00 0.000000000e+00
2.110000000e+00 0.000000000e+00 1.237488312e+00 0.000000000e+00
2.120000000e+00 0.000000000e+00 1.237682089e+00 0.000000000e+00
2.130000000e+00 0.000000000e+00 1.237877129e+00 0.000000000e+00
2.140000000e+00 0.000000000e+00 1.238073429e+00 0.000000000e+00
2.150000000e+00 0.000000000e+00 1.238270989e+00 0.000000000e+00
2.160000000e+00 0.000000000e+00 1.238469806e+00 0.000000000e+00
2.170000000e+00 0.000000000e+00 1.238669879e+00 0.000000000e+00
2.180000000e+00 0.000000000e+00 1.238871206e+00 0.000000000e+00
2.190000000e+00 0.000000000e+00 1.239073786e+00 0.000000000e+00
2.200000000e+00 0.000000000e+00 1.239277616e+00 0.000000000e+00
2.210000000e+00 0.000000000e+00 1.239482694e+00 0.000000000e+00
2.220000000e+00 0.000000000e+00 1.239689019e+00 0.000000000e+00
2.230000000e+00 0.000000000e+00 1.239896589e+00 0.000000000e+00
2.240000000e+00 0.000000000e+00 1.240105401e+00 0.000000000e+00
2.250000000e+00 0.000000000e+00 1.240315453e+00 0.000000000e+00
2.260000000e+00 0.000000000e+00 1.240526744e+00 0.000000000e+00
2.270000000e+00 0.000000000e+00 1.240739270e+00 0.000000000e+00
2.280000000e+00 0.000000000e+00 1.240953031e+00 0.000000000e+00
2.290000000e+00 0.000000000e+00 1.241168022e+00 0.000000000e+00
2.300000000e+00 0.000000000e+00 1.241384243e+00 0.000000000e+00
2.310000000e+00 0.000000000e+00 1.241601690e+00 0.000000000e+00
2.320000000e+00 0.000000000e+00 1.241820361e+00 0.000000000e+00
2.330000000e+00 0.000000000e+00 1.242040254e+00 0.000000000e+00
2.340000000e+00 0.000000000e+00 1.242261366e+00 0.000000000e+00
2.350000000e+00 0.000000000e+00 1.242483694e+00 0.000000000e+00
2.360000000e+00 0.000000000e+00 1.242707236e+00 0.000000000e+00
2.370000000e+00 0.000000000e+00 1.242931990e+00 0.000000000e+00
2.380000000e+00 0.000000000e+00 1.243157951e+00 0.000000000e+00
2.390000000e+00 0.000000000e+00 1.243385118e+00 0.000000000e+00
2.400000000e+00 0.000000000e+00 1.243613488e+00 0.000000000e+00
2.410000000e+00 0.000000000e+00 1.243843058e+00 0.000000000e+00
2.420000000e+00 0.000000000e+00 1.244073825e+00 0.000000000e+00
2.430000000e+00 0.000000000e+00 1.244305786e+00 0.000000000e+00
2.440000000e+00 0.000000000e+00 1.244538937e+00 0.000000000e+00
2.450000000e+00 0.000000000e+00 1.244773277e+00 0.000000000e+00
2.460000000e+00 0.000000000e+00 1.245008801e+00 0.000000000e+00
2.470000000e+00 0.000000000e+00 1.245245508e+00 0.000000000e+00
2.480000000e+00 0.000000000e+00 1.245483392e+00 0.000000000e+00
2.490000000e+00 0.000000000e+00 1.245722452e+00 0.000000000e+00
2.500000000e+00 0.000000000e+00 1.245962684e+00 0.000000000e+00
2.510000000e+00 0.000000000e+00 1.246204085e+00 0.000000000e+00
2.520000000e+00 0.000000000e+00 1.246446651e+00 0.000000000e+00
2.530000000e+00 0.000000000e+00 1.246690380e+00 0.000000000e+00
2.540000000e+00 0.000000000e+00 1.246935266e+00 0.000000000e+00
2.550000000e+00 0.000000000e+00 1.247181309e+00 0.000000000e+00
2.560000000e+00 0.000000000e+00 1.247428502e+00 0.000000000e+00
2.570000000e+00 0.000000000e+00 1.247676844e+00 0.000000000e+00
2.580000000e+00 0.000000000e+00 1.247926331e+00 0.000000000e+00
2.590000000e+00 0.000000000e+00 1.248176958e+00 0.000000000e+00
2.600000000e+00 0.000000000e+00 1.248428723e+00 0.000000000e+00
2.610000000e+00 0.000000000e+00 1.248681621e+00 0.000000000e+00
2.620000000e+00 0.000000000e+00 1.248935650e+00 0.000000000e+00
2.630000000e+00 0.000000000e+00 1.249190804e+00 0.000000000e+00
2.640000000e+00 0.000000000e+00 1.249447081e+00 0.000000000e+00
2.650000000e+00 0.000000000e+00 1.249704476e+00 0.000000000e+00
2.660000000e+00 0.000000000e+00 1.249962986e+00 0.000000000e+00
2.670000000e+00 0.000000000e+00 1.250222607e+00 0.000000000e+00
2.680000000e+00 0.000000000e+00 1.250483335e+00 0.000000000e+00
2.690000000e+00 0.000000000e+00 1.250745166e+00 0.000000000e+00
2.700000000e+00 0.000000000e+00 1.251008095e+00 0.000000000e+00
2.710000000e+00 0.000000000e+00 1.251272120e+00 0.000000000e+00
2.720000000e+00 0.000000000e+00 1.251537235e+00 0.000000000e+00
2.730000000e+00 0.000000000e+00 1.251803437e+00 0.000000000e+00
2.740000000e+00 0.000000000e+00 1.252070721e+00 0.000000000e+00
2.750000000e+00 0.000000000e+00 1.252339084e+00 0.000000000e+00
2.760000000e+00 0.000000000e+00 1.252608521e+00 0.000000000e+00
2.770000000e+00 0.000000000e+00 1.252879028e+00 0.000000000e+00
2.780000000e+00 0.000000000e+00 1.253150601e+00 0.000000000e+00
2.790000000e+00 0.000000000e+00 1.253423236e+00 0.000000000e+00
2.800000000e+00 0.000000000e+00 1.253696927e+00 0.000000000e+00
2.810000000e+00 0.000000000e+00 1.253971672e+00 0.000000000e+00
2.820000000e+00 0.000000000e+00 1.254247465e+00 0.000000000e+00
2.830000000e+00 0.000000000e+00 1.254524302e+00 0.000000000e+00
2.840000000e+00 0.000000000e+00 1.254802178e+00 0.000000000e+00
2.850000000e+00 0.000000000e+00 1.255081090e+00 0.000000000e+00
2.860000000e+00 0.000000000e+00 1.255361033e+00 0.000000000e+00
2.870000000e+00 0.000000000e+00 1.255642002e+00 0.000000000e+00
2.880000000e+00 0.000000000e+00 1.255923992e+00 0.000000000e+00
2.890000000e+00 0.000000000e+00 1.256206999e+00 0.000000000e+00
2.900000000e+00 0.000000000e+00 1.256491020e+00 0.000000000e+00
2.910000000e+00 0.000000000e+00 1.256776047e+00 0.000000000e+00
2.920000000e+00 0.000000000e+00 1.257062079e+00 0.000000000e+00
2.930000000e+00 0.000000000e+00 1.257349108e+00 0.000000000e+00
2.940000000e+00 0.000000000e+00 1.257637132e+00 0.000000000e+00
2.950000000e+00 0.000000000e+00 1.257926145e+00 0.000000000e+00
2.960000000e+00 0.000000000e+00 1.258216142e+00 0.000000000e+00
2.970000000e+00 0.000000000e+00 1.258507119e+00 0.000000000e+00
2.980000000e+00 0.000000000e+00 1.258799071e+00 0.000000000e+00
2.990000000e+00 0.000000000e+00 1.259091993e+00 0.000000000e+00
3.000000000e+00 0.000000000e+00 1.259385880e+00 0.000000000e+00
3.010000000e+00 0.000000000e+00 1.259680728e+00 0.000000000e+00
3.020000000e+00 0.000000000e+00 1.259976531e+00 0.000000000e+00
3.030000000e+00 0.000000000e+00 1.260273285e+00 0.000000000e+00
3.040000000e+00 0.000000000e+00 1.260570985e+00 0.000000000e+00
3.050000000e+00 0.000000000e+00 1.260869625e+00 0.000000000e+00
3.060000000e+00 0.000000000e+00 1.261169201e+00 0.000000000e+00
3.070000000e+00 0.000000000e+00 1.261469708e+00 0.000000000e+00
3.080000000e+00 0.000000000e+00 1.261771141e+00 0.000000000e+00
3.090000000e+00 0.000000000e+00 1.262073495e+00 0.000000000e+00
3.100000000e+00 0.000000000e+00 1.262376764e+00 0.000000000e+00
3.110000000e+00 0.000000000e+00 1.262680944e+00 0.000000000e+00
3.120000000e+00 0.000000000e+00 1.262986030e+00 0.000000000e+00
3.130000000e+00 0.000000000e+00 1.263292017e+00 0.000000000e+00
3.140000000e+00 0.000000000e+00 1.263598898e+00 0.000000000e+00
3.150000000e+00 0.000000000e+00 1.263906671e+00 0.000000000e+00
3.160000000e+00 0.000000000e+00 1.264215328e+00 0.000000000e+00
3.170000000e+00 0.000000000e+00 1.264524865e+00 0.000000000e+00
3.180000000e+00 0.000000000e+00 1.264835277e+00 0.000000000e+00
3.190000000e+00 0.000000000e+00 1.265146559e+00 0.000000000e+00
3.200000000e+00 0.000000000e+00 1.265458705e+00 0.000000000e+00
3.210000000e+00 0.000000000e+00 1.265771710e+00 0.000000000e+00
3.220000000e+00 0.000000000e+00 1.266085569e+00 0.000000000e+00
3.230000000e+00 0.000000000e+00 1.266400277e+00 0.000000000e+00
3.240000000e+00 0.000000000e+00 1.266715828e+00 0.000000000e+00
3.250000000e+00 0.000000000e+00 1.267032217e+00 0.000000000e+00
3.260000000e+00 0.000000000e+00 1.267349439e+00 0.000000000e+00
3.270000000e+00 0.000000000e+00 1.267667488e+00 0.000000000e+00
3.280000000e+00 0.000000000e+00 1.267986359e+00 0.000000000e+00
3.290000000e+00 0.000000000e+00 1.268306047e+00 0.000000000e+00
3.300000000e+00 0.000000000e+00 1.268626547e+00 0.000000000e+00
3.310000000e+00 0.000000000e+00 1.268947853e+00 0.000000000e+00
3.320000000e+00 0.000000000e+00 1.269269959e+00 0.000000000e+00
3.330000000e+00 0.000000000e+00 1.269592860e+00 0.000000000e+00
3.340000000e+00 0.000000000e+00 1.269916551e+00 0.000000000e+00
3.350000000e+00 0.000000000e+00 1.270241027e+00 0.000000000e+00
3.360000000e+00 0.000000000e+00 1.270566281e+00 0.000000000e+00
3.370000000e+00 0.000000000e+00 1.270892309e+00 0.000000000e+00
3.380000000e+00 0.000000000e+00 1.271219105e+00 0.000000000e+00
3.390000000e+00 0.000000000e+00 1.271546664e+00 0.000000000e+00
3.400000000e+00 0.000000000e+00 1.271874979e+00 0.000000000e+00
3.410000000e+00 0.000000000e+00 1.272204046e+00 0.000000000e+00
3.420000000e+00 0.000000000e+00 1.272533860e+00 0.000000000e+00
3.430000000e+00 0.000000000e+00 1.272864413e+00 0.000000000e+00
3.440000000e+00 0.000000000e+00 1.273195702e+00 0.000000000e+00
3.450000000e+00 0.000000000e+00 1.273527721e+00 0.000000000e+00
3.460000000e+00 0.000000000e+00 1.273860463e+00 0.000000000e+00
3.470000000e+00 0.000000000e+00 1.274193924e+00 0.000000000e+00
3.480000000e+00 0.000000000e+00 1.274528097e+00 0.000000000e+00
3.490000000e+00 0.000000000e+00 1.274862978e+00 0.000000000e+00
3.500000000e+00 0.000000000e+00 1.275198561e+00 0.000000000e+00
3.510000000e+00 0.000000000e+00 1.275534839e+00 0.000000000e+00
3.520000000e+00 0.000000000e+00 1.275871808e+00 0.000000000e+00
3.530000000e+00 0.000000000e+00 1.276209463e+00 0.000000000e+00
3.540000000e+00 0.000000000e+00 1.276547796e+00 0.000000000e+00
3.550000000e+00 0.000000000e+00 1.276886803e+00 0.000000000e+00
3.560000000e+00 0.000000000e+00 1.277226479e+00 0.000000000e+00
3.570000000e+00 0.000000000e+00 1.277566817e+00 0.000000000e+00
3.580000000e+00 0.000000000e+00 1.277907811e+00 0.000000000e+00
3.590000000e+00 0.000000000e+00 1.278249457e+00 0.000000000e+00
3.600000000e+00 0.000000000e+00 1.278591748e+00 0.000000000e+00
3.610000000e+00 0.000000000e+00 1.278934680e+00 0.000000000e+00
3.620000000e+00 0.000000000e+00 1.279278245e+00 0.000000000e+00
3.630000000e+00 0.000000000e+00 1.279622439e+00 0.000000000e+00
3.640000000e+00 0.000000000e+00 1.279967257e+00 0.000000000e+00
3.650000000e+00 0.000000000e+00 1.280312691e+00 0.000000000e+00
3.660000000e+00 0.000000000e+00 1.280658737e+00 0.000000000e+00
3.670000000e+00 0.000000000e+00 1.281005389e+00 0.000000000e+00
3.680000000e+00 0.000000000e+00 1.281352641e+00 0.000000000e+00
3.690000000e+00 0.000000000e+00 1.281700487e+00 0.000000000e+00
3.700000000e+00 0.000000000e+00 1.282048922e+00 0.000000000e+00
3.710000000e+00 0.000000000e+00 1.282397941e+00 0.000000000e+00
3.720000000e+00 0.000000000e+00 1.282747537e+00 0.000000000e+00
3.730000000e+00 0.000000000e+00 1.283097705e+00 0.000000000e+00
3.740000000e+00 0.000000000e+00 1.283448438e+00 0.000000000e+00
3.750000000e+00 0.000000000e+00 1.283799732e+00 0.000000000e+00
3.760000000e+00 0.000000000e+00 1.284151581e+00 0.000000000e+00
3.770000000e+00 0.000000000e+00 1.284503978e+00 0.000000000e+00
3.780000000e+00 0.000000000e+00 1.284856919e+00 0.000000000e+00
3.790000000e+00 0.000000000e+00 1.285210397e+00 0.000000000e+00
3.800000000e+00 0.000000000e+00 1.285564407e+00 0.000000000e+00
3.810000000e+00 0.000000000e+00 1.285918943e+00 0.000000000e+00
3.820000000e+00 0.000000000e+00 1.286273999e+00 0.000000000e+00
3.830000000e+00 0.000000000e+00 1.286629569e+00 0.000000000e+00
3.840000000e+00 0.000000000e+00 1.286985649e+00 0.000000000e+00
3.850000000e+00 0.000000000e+00 1.287342231e+00 0.000000000e+00
3.860000000e+00 0.000000000e+00 1.287699311e+00 0.000000000e+00
3.870000000e+00 0.000000000e+00 1.288056883e+00 0.000000000e+00
3.880000000e+00 0.000000000e+00 1.288414940e+00 0.000000000e+00
3.890000000e+00 0.000000000e+00 1.288773477e+00 0.000000000e+00
3.900000000e+00 0.000000000e+00 1.289132489e+00 0.000000000e+00
3.910000000e+00 0.000000000e+00 1.289491970e+00 0.000000000e+00
3.920000000e+00 0.000000000e+00 1.289851914e+00 0.000000000e+00
3.930000000e+00 0.000000000e+00 1.290212315e+00 0.000000000e+00
3.940000000e+00 0.000000000e+00 1.290573167e+00 0.000000000e+00
3.950000000e+00 0.000000000e+00 1.290934465e+00 0.000000000e+00
3.960000000e+00 0.000000000e+00 1.291296203e+00 0.000000000e+00
3.970000000e+00 0.000000000e+00 1.291658375e+00 0.000000000e+00
3.980000000e+00 0.000000000e+00 1.292020976e+00 0.000000000e+00
3.990000000e+00 0.000000000e+00 1.292384000e+00 0.000000000e+00
4.000000000e+00 0.000000000e+00 1.292747441e+00 0.000000000e+00
4.010000000e+00 0.000000000e+00 1.293111293e+00 0.000000000e+00
4.020000000e+00 0.000000000e+00 1.293475550e+00 0.000000000e+00
4.030000000e+00 0.000000000e+00 1.293840208e+00 0.000000000e+00
4.040000000e+00 0.000000000e+00 1.294205260e+00 0.000000000e+00
4.050000000e+00 0.000000000e+00 1.294570700e+00 0.000000000e+00
4.060000000e+00 0.000000000e+00 1.294936523e+00 0.000000000e+00
4.070000000e+00 0.000000000e+00 1.295302723e+00 0.000000000e+00
4.080000000e+00 0.000000000e+00 1.295669294e+00 0.000000000e+00
4.090000000e+00 0.000000000e+00 1.296036231e+00 0.000000000e+00
4.100000000e+00 0.000000000e+00 1.296403527e+00 0.000000000e+00
4.110000000e+00 0.000000000e+00 1.296771178e+00 0.000000000e+00
4.120000000e+00 0.000000000e+00 1.297139177e+00 0.000000000e+00
4.130000000e+00 0.000000000e+00 1.297507519e+00 0.000000000e+00
4.140000000e+00 0.000000000e+00 1.297876198e+00 0.000000000e+00
4.150000000e+00 0.000000000e+00 1.298245208e+00 0.000000000e+00
4.160000000e+00 0.000000000e+00 1.298614543e+00 0.000000000e+00
4.170000000e+00 0.000000000e+00 1.298984199e+00 0.000000000e+00
4.180000000e+00 0.000000000e+00 1.299354168e+00 0.000000000e+00
4.190000000e+00 0.000000000e+00 1.299724447e+00 0.000000000e+00
4.200000000e+00 0.000000000e+00 1.300095027e+00 0.000000000e+00
4.210000000e+00 0.000000000e+00 1.300465905e+00 0.000000000e+00
4.220000000e+00 0.000000000e+00 1.300837075e+00 0.000000000e+00
4.230000000e+00 0.000000000e+00 1.301208530e+00 0.000000000e+00
4.240000000e+00 0.000000000e+00 1.301580265e+00 0.000000000e+00
4.250000000e+00 0.000000000e+00 1.301952275e+00 0.000000000e+00
4.260000000e+00 0.000000000e+00 1.302324553e+00 0.000000000e+00
4.270000000e+00 0.000000000e+00 1.302697095e+00 0.000000000e+00
4.280000000e+00 0.000000000e+00 1.303069893e+00 0.000000000e+00
4.290000000e+00 0.000000000e+00 1.303442944e+00 0.000000000e+00
4.300000000e+00 0.000000000e+00 1.303816240e+00 0.000000000e+00
4.310000000e+00 0.000000000e+00 1.304189777e+00 0.000000000e+00
4.320000000e+00 0.000000000e+00 1.304563549e+00 0.000000000e+00
4.330000000e+00 0.000000000e+00 1.304937550e+00 0.000000000e+00
4.340000000e+00 0.000000000e+00 1.305311774e+00 0.000000000e+00
4.350000000e+00 0.000000000e+00 1.305686216e+00 0.000000000e+00
4.360000000e+00 0.000000000e+00 1.306060871e+00 0.000000000e+00
4.370000000e+00 0.000000000e+00 1.306435731e+00 0.000000000e+00
4.380000000e+00 0.000000000e+00 1.306810793e+00 0.000000000e+00
4.390000000e+00 0.000000000e+00 1.307186051e+00 0.000000000e+00
4.400000000e+00 0.000000000e+00 1.307561498e+00 0.000000000e+00
4.410000000e+00 0.000000000e+00 1.307937129e+00 0.000000000e+00
4.420000000e+00 0.000000000e+00 1.308312938e+00 0.000000000e+00
4.430000000e+00 0.000000000e+00 1.308688921e+00 0.000000000e+00
4.440000000e+00 0.000000000e+00 1.309065070e+00 0.000000000e+00
4.450000000e+00 0.000000000e+00 1.309441382e+00 0.000000000e+00
4.460000000e+00 0.000000000e+00 1.309817850e+00 0.000000000e+00
4.470000000e+00 0.000000000e+00 1.310194468e+00 0.000000000e+00
4.480000000e+00 0.000000000e+00 1.310571231e+00 0.000000000e+00
4.490000000e+00 0.000000000e+00 1.310948134e+00 0.000000000e+00
4.500000000e+00 0.000000000e+00 1.311325170e+00 0.000000000e+00
4.510000000e+00 0.000000000e+00 1.311702335e+00 0.000000000e+00
4.520000000e+00 0.000000000e+00 1.312079622e+00 0.000000000e+00
4.530000000e+00 0.000000000e+00 1.312457027e+00 0.000000000e+00
4.540000000e+00 0.000000000e+00 1.312834543e+00 0.000000000e+00
4.550000000e+00 0.000000000e+00 1.313212166e+00 0.000000000e+00
4.560000000e+00 0.000000000e+00 1.313589889e+00 0.000000000e+00
4.570000000e+00 0.000000000e+00 1.313967707e+00 0.000000000e+00
4.580000000e+00 0.000000000e+00 1.314345614e+00 0.000000000e+00
4.590000000e+00 0.000000000e+00 1.314723606e+00 0.000000000e+00
4.600000000e+00 0.000000000e+00 1.315101676e+00 0.000000000e+00
4.610000000e+00 0.000000000e+00 1.315479819e+00 0.000000000e+00
4.620000000e+00 0.000000000e+00 1.315858029e+00 0.000000000e+00
4.630000000e+00 0.000000000e+00 1.316236302e+00 0.000000000e+00
4.640000000e+00 0.000000000e+00 1.316614631e+00 0.000000000e+00
4.650000000e+00 0.000000000e+00 1.316993011e+00 0.000000000e+00
4.660000000e+00 0.000000000e+00 1.317371437e+00 0.000000000e+00
4.670000000e+00 0.000000000e+00 1.317749902e+00 0.000000000e+00
4.680000000e+00 0.000000000e+00 1.318128403e+00 0.000000000e+00
4.690000000e+00 0.000000000e+00 1.318506932e+00 0.000000000e+00
4.700000000e+00 0.000000000e+00 1.318885485e+00 0.000000000e+00
4.710000000e+00 0.000000000e+00 1.319264057e+00 0.000000000e+00
4.720000000e+00 0.000000000e+00 1.319642641e+00 0.000000000e+00
4.730000000e+00 0.000000000e+00 1.320021232e+00 0.000000000e+00
4.740000000e+00 0.000000000e+00 1.320399826e+00 0.000000000e+00
4.750000000e+00 0.000000000e+00 1.320778416e+00 0.000000000e+00
4.760000000e+00 0.000000000e+00 1.321156997e+00 0.000000000e+00
4.770000000e+00 0.000000000e+00 1.321535564e+00 0.000000000e+00
4.780000000e+00 0.000000000e+00 1.321914111e+00 0.000000000e+00
4.790000000e+00 0.000000000e+00 1.322292633e+00 0.000000000e+00
4.800000000e+00 0.000000000e+00 1.322671125e+00 0.000000000e+00
4.810000000e+00 0.000000000e+00 1.323049581e+00 0.000000000e+00
4.820000000e+00 0.000000000e+00 1.323427995e+00 0.000000000e+00
4.830000000e+00 0.000000000e+00 1.323806363e+00 0.000000000e+00
4.840000000e+00 0.000000000e+00 1.324184679e+00 0.000000000e+00
4.850000000e+00 0.000000000e+00 1.324562937e+00 0.000000000e+00
4.860000000e+00 0.000000000e+00 1.324941133e+00 0.000000000e+00
4.870000000e+00 0.000000000e+00 1.325319261e+00 0.000000000e+00
4.880000000e+00 0.000000000e+00 1.325697315e+00 0.000000000e+00
4.890000000e+00 0.000000000e+00 1.326075291e+00 0.000000000e+00
4.900000000e+00 0.000000000e+00 1.326453183e+00 0.000000000e+00
4.910000000e+00 0.000000000e+00 1.326830985e+00 0.000000000e+00
4.920000000e+00 0.000000000e+00 1.327208693e+00 0.000000000e+00
4.930000000e+00 0.000000000e+00 1.327586301e+00 0.000000000e+00
4.940000000e+00 0.000000000e+00 1.327963803e+00 0.000000000e+00
4.950000000e+00 0.000000000e+00 1.328341195e+00 0.000000000e+00
4.960000000e+00 0.000000000e+00 1.328718471e+00 0.000000000e+00
4.970000000e+00 0.000000000e+00 1.329095626e+00 0.000000000e+00
4.980000000e+00 0.000000000e+00 1.329472655e+00 0.000000000e+00
4.990000000e+00 0.000000000e+00 1.329849552e+00 0.000000000e+00
5.000000000e+00 0.000000000e+00 1.330226312e+00 0.000000000e+00
5.010000000e+00 0.000000000e+00 1.330602929e+00 0.000000000e+00
5.020000000e+00 0.000000000e+00 1.330979400e+00 0.000000000e+00
5.030000000e+00 0.000000000e+00 1.331355718e+00 0.000000000e+00
5.040000000e+00 0.000000000e+00 1.331731878e+00 0.000000000e+00
5.050000000e+00 0.000000000e+00 1.332107874e+00 0.000000000e+00
5.060000000e+00 0.000000000e+00 1.332483703e+00 0.000000000e+00
5.070000000e+00 0.000000000e+00 1.332859358e+00 0.000000000e+00
5.080000000e+00 0.000000000e+00 1.333234834e+00 0.000000000e+00
5.090000000e+00 0.000000000e+00 1.333610127e+00 0.000000000e+00
5.100000000e+00 0.000000000e+00 1.333985230e+00 0.000000000e+00
5.110000000e+00 0.000000000e+00 1.334360139e+00 0.000000000e+00
5.120000000e+00 0.000000000e+00 1.334734849e+00 0.000000000e+00
5.130000000e+00 0.000000000e+00 1.335109354e+00 0.000000000e+00
5.140000000e+00 0.000000000e+00 1.335483649e+00 0.000000000e+00
5.150000000e+00 0.000000000e+00 1.335857730e+00 0.000000000e+00
5.160000000e+00 0.000000000e+00 1.336231590e+00 0.000000000e+00
5.170000000e+00 0.000000000e+00 1.336605225e+00 0.000000000e+00
5.180000000e+00 0.000000000e+00 1.336978630e+00 0.000000000e+00
5.190000000e+00 0.000000000e+00 1.337351799e+00 0.000000000e+00
5.200000000e+00 0.000000000e+00 1.337724728e+00 0.000000000e+00
5.210000000e+00 0.000000000e+00 1.338097411e+00 0.000000000e+00
5.220000000e+00 0.000000000e+00 1.338469844e+00 0.000000000e+00
5.230000000e+00 0.000000000e+00 1.338842020e+00 0.000000000e+00
5.240000000e+00 0.000000000e+00 1.339213936e+00 0.000000000e+00
5.250000000e+00 0.000000000e+00 1.339585586e+00 0.000000000e+00
5.260000000e+00 0.000000000e+00 1.339956964e+00 0.000000000e+00
5.270000000e+00 0.000000000e+00 1.340328067e+00 0.000000000e+00
5.280000000e+00 0.000000000e+00 1.340698888e+00 0.000000000e+00
5.290000000e+00 0.000000000e+00 1.341069423e+00 0.000000000e+00
5.300000000e+00 0.000000000e+00 1.341439667e+00 0.000000000e+00
5.310000000e+00 0.000000000e+00 1.341809615e+00 0.000000000e+00
5.320000000e+00 0.000000000e+00 1.342179261e+00 0.000000000e+00
5.330000000e+00 0.000000000e+00 1.342548601e+00 0.000000000e+00
5.340000000e+00 0.000000000e+00 1.342917630e+00 0.000000000e+00
5.350000000e+00 0.000000000e+00 1.343286342e+00 0.000000000e+00
5.360000000e+00 0.000000000e+00 1.343654733e+00 0.000000000e+00
5.370000000e+00 0.000000000e+00 1.344022798e+00 0.000000000e+00
5.380000000e+00 0.000000000e+00 1.344390532e+00 0.000000000e+00
5.390000000e+00 0.000000000e+00 1.344757929e+00 0.000000000e+00
5.400000000e+00 0.000000000e+00 1.345124985e+00 0.000000000e+00
5.410000000e+00 0.000000000e+00 1.345491695e+00 0.000000000e+00
5.420000000e+00 0.000000000e+00 1.345858054e+00 0.000000000e+00
5.430000000e+00 0.000000000e+00 1.346224057e+00 0.000000000e+00
5.440000000e+00 0.000000000e+00 1.346589699e+00 0.000000000e+00
5.450000000e+00 0.000000000e+00 1.346954976e+00 0.000000000e+00
5.460000000e+00 0.000000000e+00 1.347319881e+00 0.000000000e+00
5.470000000e+00 0.000000000e+00 1.347684411e+00 0.000000000e+00
5.480000000e+00 0.000000000e+00 1.348048561e+00 0.000000000e+00
5.490000000e+00 0.000000000e+00 1.348412325e+00 0.000000000e+00
5.500000000e+00 0.000000000e+00 1.348775698e+00 0.000000000e+00
5.510000000e+00 0.000000000e+00 1.349138677e+00 0.000000000e+00
5.520000000e+00 0.000000000e+00 1.349501255e+00 0.000000000e+00
5.530000000e+00 0.000000000e+00 1.349863429e+00 0.000000000e+00
5.540000000e+00 0.000000000e+00 1.350225193e+00 0.000000000e+00
5.550000000e+00 0.000000000e+00 1.350586543e+00 0.000000000e+00
5.560000000e+00 0.000000000e+00 1.350947473e+00 0.000000000e+00
5.570000000e+00 0.000000000e+00 1.351307979e+00 0.000000000e+00
5.580000000e+00 0.000000000e+00 1.351668056e+00 0.000000000e+00
5.590000000e+00 0.000000000e+00 1.352027700e+00 0.000000000e+00
5.600000000e+00 0.000000000e+00 1.352386905e+00 0.000000000e+00
5.610000000e+00 0.000000000e+00 1.352745667e+00 0.000000000e+00
5.620000000e+00 0.000000000e+00 1.353103980e+00 0.000000000e+00
5.630000000e+00 0.000000000e+00 1.353461841e+00 0.000000000e+00
5.640000000e+00 0.000000000e+00 1.353819244e+00 0.000000000e+00
5.650000000e+00 0.000000000e+00 1.354176185e+00 0.000000000e+00
5.660000000e+00 0.000000000e+00 1.354532659e+00 0.000000000e+00
5.670000000e+00 0.000000000e+00 1.354888661e+00 0.000000000e+00
5.680000000e+00 0.000000000e+00 1.355244187e+00 0.000000000e+00
5.690000000e+00 0.000000000e+00 1.355599231e+00 0.000000000e+00
5.700000000e+00 0.000000000e+00 1.355953790e+00 0.000000000e+00
5.710000000e+00 0.000000000e+00 1.356307858e+00 0.000000000e+00
5.720000000e+00 0.000000000e+00 1.356661431e+00 0.000000000e+00
5.730000000e+00 0.000000000e+00 1.357014504e+00 0.000000000e+00
5.740000000e+00 0.000000000e+00 1.357367072e+00 0.000000000e+00
5.750000000e+00 0.000000000e+00 1.357719131e+00 0.000000000e+00
5.760000000e+00 0.000000000e+00 1.358070677e+00 0.000000000e+00
5.770000000e+00 0.000000000e+00 1.358421704e+00 0.000000000e+00
5.780000000e+00 0.000000000e+00 1.358772208e+00 0.000000000e+00
5.790000000e+00 0.000000000e+00 1.359122184e+00 0.000000000e+00
5.800000000e+00 0.000000000e+00 1.359471628e+00 0.000000000e+00
5.810000000e+00 0.000000000e+00 1.359820536e+00 0.000000000e+00
5.820000000e+00 0.000000000e+00 1.360168901e+00 0.000000000e+00
5.830000000e+00 0.000000000e+00 1.360516721e+00 0.000000000e+00
5.840000000e+00 0.000000000e+00 1.360863991e+00 0.000000000e+00
5.850000000e+00 0.000000000e+00 1.361210705e+00 0.000000000e+00
5.860000000e+00 0.000000000e+00 1.361556860e+00 0.000000000e+00
5.870000000e+00 0.000000000e+00 1.361902450e+00 0.000000000e+00
5.880000000e+00 0.000000000e+00 1.362247472e+00 0.000000000e+00
5.890000000e+00 0.000000000e+00 1.362591921e+00 0.000000000e+00
5.900000000e+00 0.000000000e+00 1.362935792e+00 0.000000000e+00
5.910000000e+00 0.000000000e+00 1.363279081e+00 0.000000000e+00
5.920000000e+00 0.000000000e+00 1.363621783e+00 0.000000000e+00
5.930000000e+00 0.000000000e+00 1.363963895e+00 0.000000000e+00
5.940000000e+00 0.000000000e+00 1.364305411e+00 0.000000000e+00
5.950000000e+00 0.000000000e+00 1.364646327e+00 0.000000000e+00
5.960000000e+00 0.000000000e+00 1.364986639e+00 0.000000000e+00
5.970000000e+00 0.000000000e+00 1.365326342e+00 0.000000000e+00
5.980000000e+00 0.000000000e+00 1.365665431e+00 0.000000000e+00
5.990000000e+00 0.000000000e+00 1.366003904e+00 0.000000000e+00
6.000000000e+00 0.000000000e+00 1.366341754e+00 0.000000000e+00
6.010000000e+00 0.000000000e+00 1.366678978e+00 0.000000000e+00
6.020000000e+00 0.000000000e+00 1.367015572e+00 0.000000000e+00
6.030000000e+00 0.000000000e+00 1.367351530e+00 0.000000000e+00
6.040000000e+00 0.000000000e+00 1.367686849e+00 0.000000000e+00
6.050000000e+00 0.000000000e+00 1.368021525e+00 0.000000000e+00
6.060000000e+00 0.000000000e+00 1.368355552e+00 0.000000000e+00
6.070000000e+00 0.000000000e+00 1.368688928e+00 0.000000000e+00
6.080000000e+00 0.000000000e+00 1.369021646e+00 0.000000000e+00
6.090000000e+00 0.000000000e+00 1.369353704e+00 0.000000000e+00
6.100000000e+00 0.000000000e+00 1.369685097e+00 0.000000000e+00
6.110000000e+00 0.000000000e+00 1.370015821e+00 0.000000000e+00
6.120000000e+00 0.000000000e+00 1.370345871e+00 0.000000000e+00
6.130000000e+00 0.000000000e+00 1.370675243e+00 0.000000000e+00
6.140000000e+00 0.000000000e+00 1.371003933e+00 0.000000000e+00
6.150000000e+00 0.000000000e+00 1.371331937e+00 0.000000000e+00
6.160000000e+00 0.000000000e+00 1.371659251e+00 0.000000000e+00
6.170000000e+00 0.000000000e+00 1.371985870e+00 0.000000000e+00
6.180000000e+00 0.000000000e+00 1.372311791e+00 0.000000000e+00
6.190000000e+00 0.000000000e+00 1.372637009e+00 0.000000000e+00
6.200000000e+00 0.000000000e+00 1.372961519e+00 0.000000000e+00
6.210000000e+00 0.000000000e+00 1.373285319e+00 0.000000000e+00
6.220000000e+00 0.000000000e+00 1.373608403e+00 0.000000000e+00
6.230000000e+00 0.000000000e+00 1.373930769e+00 0.000000000e+00
6.240000000e+00 0.000000000e+00 1.374252410e+00 0.000000000e+00
6.250000000e+00 0.000000000e+00 1.374573325e+00 0.000000000e+00
6.260000000e+00 0.000000000e+00 1.374893508e+00 0.000000000e+00
6.270000000e+00 0.000000000e+00 1.375212955e+00 0.000000000e+00
6.280000000e+00 0.000000000e+00 1.375531663e+00 0.000000000e+00
6.290000000e+00 0.000000000e+00 1.375849627e+00 0.000000000e+00
6.300000000e+00 0.000000000e+00 1.376166844e+00 0.000000000e+00
6.310000000e+00 0.000000000e+00 1.376483309e+00 0.000000000e+00
6.320000000e+00 0.000000000e+00 1.376799019e+00 0.000000000e+00
6.330000000e+00 0.000000000e+00 1.377113969e+00 0.000000000e+00
6.340000000e+00 0.000000000e+00 1.377428156e+00 0.000000000e+00
6.350000000e+00 0.000000000e+00 1.377741576e+00 0.000000000e+00
6.360000000e+00 0.000000000e+00 1.378054224e+00 0.000000000e+00
6.370000000e+00 0.000000000e+00 1.378366098e+00 0.000000000e+00
6.380000000e+00 0.000000000e+00 1.378677192e+00 0.000000000e+00
6.390000000e+00 0.000000000e+00 1.378987503e+00 0.000000000e+00
6.400000000e+00 0.000000000e+00 1.379297028e+00 0.000000000e+00
6.410000000e+00 0.000000000e+00 1.379605762e+00 0.000000000e+00
6.420000000e+00 0.000000000e+00 1.379913702e+00 0.000000000e+00
6.430000000e+00 0.000000000e+00 1.380220844e+00 0.000000000e+00
6.440000000e+00 0.000000000e+00 1.380527184e+00 0.000000000e+00
6.450000000e+00 0.000000000e+00 1.380832718e+00 0.000000000e+00
6.460000000e+00 0.000000000e+00 1.381137443e+00 0.000000000e+00
6.470000000e+00 0.000000000e+00 1.381441354e+00 0.000000000e+00
6.480000000e+00 0.000000000e+00 1.381744449e+00 0.000000000e+00
6.490000000e+00 0.000000000e+00 1.382046723e+00 0.000000000e+00
6.500000000e+00 0.000000000e+00 1.382348173e+00 0.000000000e+00
6.510000000e+00 0.000000000e+00 1.382648794e+00 0.000000000e+00
6.520000000e+00 0.000000000e+00 1.382948584e+00 0.000000000e+00
6.530000000e+00 0.000000000e+00 1.383247539e+00 0.000000000e+00
6.540000000e+00 0.000000000e+00 1.383545655e+00 0.000000000e+00
6.550000000e+00 0.000000000e+00 1.383842929e+00 0.000000000e+00
6.560000000e+00 0.000000000e+00 1.384139356e+00 0.000000000e+00
6.570000000e+00 0.000000000e+00 1.384434934e+00 0.000000000e+00
6.580000000e+00 0.000000000e+00 1.384729658e+00 0.000000000e+00
6.590000000e+00 0.000000000e+00 1.385023526e+00 0.000000000e+00
6.600000000e+00 0.000000000e+00 1.385316533e+00 0.000000000e+00
6.610000000e+00 0.000000000e+00 1.385608677e+00 0.000000000e+00
6.620000000e+00 0.000000000e+00 1.385899953e+00 0.000000000e+00
6.630000000e+00 0.000000000e+00 1.386190359e+00 0.000000000e+00
6.640000000e+00 0.000000000e+00 1.386479891e+00 0.000000000e+00
6.650000000e+00 0.000000000e+00 1.386768545e+00 0.000000000e+00
6.660000000e+00 0.000000000e+00 1.387056318e+00 0.000000000e+00
6.670000000e+00 0.000000000e+00 1.387343206e+00 0.000000000e+00
6.680000000e+00 0.000000000e+00 1.387629207e+00 0.000000000e+00
6.690000000e+00 0.000000000e+00 1.387914317e+00 0.000000000e+00
6.700000000e+00 0.000000000e+00 1.388198532e+00 0.000000000e+00
6.710000000e+00 0.000000000e+00 1.388481850e+00 0.000000000e+00
6.720000000e+00 0.000000000e+00 1.388764266e+00 0.000000000e+00
6.730000000e+00 0.000000000e+00 1.389045778e+00 0.000000000e+00
6.740000000e+00 0.000000000e+00 1.389326383e+00 0.000000000e+00
6.750000000e+00 0.000000000e+00 1.389606077e+00 0.000000000e+00
6.760000000e+00 0.000000000e+00 1.389884856e+00 0.000000000e+00
6.770000000e+00 0.000000000e+00 1.390162719e+00 0.000000000e+00
6.780000000e+00 0.000000000e+00 1.390439661e+00 0.000000000e+00
6.790000000e+00 0.000000000e+00 1.390715679e+00 0.000000000e+00
6.800000000e+00 0.000000000e+00 1.390990771e+00 0.000000000e+00
6.810000000e+00 0.000000000e+00 1.391264932e+00 0.000000000e+00
6.820000000e+00 0.000000000e+00 1.391538161e+00 0.000000000e+00
6.830000000e+00 0.000000000e+00 1.391810454e+00 0.000000000e+00
6.840000000e+00 0.000000000e+00 1.392081808e+00 0.000000000e+00
6.850000000e+00 0.000000000e+00 1.392352220e+00 0.000000000e+00
6.860000000e+00 0.000000000e+00 1.392621686e+00 0.000000000e+00
6.870000000e+00 0.000000000e+00 1.392890205e+00 0.000000000e+00
6.880000000e+00 0.000000000e+00 1.393157772e+00 0.000000000e+00
6.890000000e+00 0.000000000e+00 1.393424385e+00 0.000000000e+00
6.900000000e+00 0.000000000e+00 1.393690042e+00 0.000000000e+00
6.910000000e+00 0.000000000e+00 1.393954738e+00 0.000000000e+00
6.920000000e+00 0.000000000e+00 1.394218472e+00 0.000000000e+00
6.930000000e+00 0.000000000e+00 1.394481240e+00 0.000000000e+00
6.940000000e+00 0.000000000e+00 1.394743040e+00 0.000000000e+00
6.950000000e+00 0.000000000e+00 1.395003868e+00 0.000000000e+00
6.960000000e+00 0.000000000e+00 1.395263723e+00 0.000000000e+00
6.970000000e+00 0.000000000e+00 1.395522600e+00 0.000000000e+00
6.980000000e+00 0.000000000e+00 1.395780498e+00 0.000000000e+00
6.990000000e+00 0.000000000e+00 1.396037414e+00 0.000000000e+00
7.000000000e+00 0.000000000e+00 1.396293344e+00 0.000000000e+00
7.010000000e+00 0.000000000e+00 1.396548287e+00 0.000000000e+00
7.020000000e+00 0.000000000e+00 1.396802240e+00 0.000000000e+00
7.030000000e+00 0.000000000e+00 1.397055200e+00 0.000000000e+00
7.040000000e+00 0.000000000e+00 1.397307164e+00 0.000000000e+00
7.050000000e+00 0.000000000e+00 1.397558130e+00 0.000000000e+00
7.060000000e+00 0.000000000e+00 1.397808095e+00 0.000000000e+00
7.070000000e+00 0.000000000e+00 1.398057057e+00 0.000000000e+00
7.080000000e+00 0.000000000e+00 1.398305013e+00 0.000000000e+00
7.090000000e+00 0.000000000e+00 1.398551961e+00 0.000000000e+00
7.100000000e+00 0.000000000e+00 1.398797898e+00 0.000000000e+00
7.110000000e+00 0.000000000e+00 1.399042822e+00 0.000000000e+00
7.120000000e+00 0.000000000e+00 1.399286731e+00 0.000000000e+00
7.130000000e+00 0.000000000e+00 1.399529622e+00 0.000000000e+00
7.140000000e+00 0.000000000e+00 1.399771492e+00 0.000000000e+00
7.150000000e+00 0.000000000e+00 1.400012339e+00 0.000000000e+00
7.160000000e+00 0.000000000e+00 1.400252162e+00 0.000000000e+00
7.170000000e+00 0.000000000e+00 1.400490958e+00 0.000000000e+00
7.180000000e+00 0.000000000e+00 1.400728724e+00 0.000000000e+00
7.190000000e+00 0.000000000e+00 1.400965458e+00 0.000000000e+00
7.200000000e+00 0.000000000e+00 1.401201158e+00 0.000000000e+00
7.210000000e+00 0.000000000e+00 1.401435822e+00 0.000000000e+00
7.220000000e+00 0.000000000e+00 1.401669448e+00 0.000000000e+00
7.230000000e+00 0.000000000e+00 1.401902034e+00 0.000000000e+00
7.240000000e+00 0.000000000e+00 1.402133577e+00 0.000000000e+00
7.250000000e+00 0.000000000e+00 1.402364075e+00 0.000000000e+00
7.260000000e+00 0.000000000e+00 1.402593527e+00 0.000000000e+00
7.270000000e+00 0.000000000e+00 1.402821931e+00 0.000000000e+00
7.280000000e+00 0.000000000e+00 1.403049283e+00 0.000000000e+00
7.290000000e+00 0.000000000e+00 1.403275583e+00 0.000000000e+00
7.300000000e+00 0.000000000e+00 1.403500829e+00 0.000000000e+00
7.310000000e+00 0.000000000e+00 1.403725018e+00 0.000000000e+00
7.320000000e+00 0.000000000e+00 1.403948149e+00 0.000000000e+00
7.330000000e+00 0.000000000e+00 1.404170220e+00 0.000000000e+00
7.340000000e+00 0.000000000e+00 1.404391229e+00 0.000000000e+00
7.350000000e+00 0.000000000e+00 1.404611174e+00 0.000000000e+00
7.360000000e+00 0.000000000e+00 1.404830054e+00 0.000000000e+00
7.370000000e+00 0.000000000e+00 1.405047867e+00 0.000000000e+00
7.380000000e+00 0.000000000e+00 1.405264610e+00 0.000000000e+00
7.390000000e+00 0.000000000e+00 1.405480283e+00 0.000000000e+00
7.400000000e+00 0.000000000e+00 1.405694884e+00 0.000000000e+00
7.410000000e+00 0.000000000e+00 1.405908411e+00 0.000000000e+00
7.420000000e+00 0.000000000e+00 1.406120862e+00 0.000000000e+00
7.430000000e+00 0.000000000e+00 1.406332237e+00 0.000000000e+00
7.440000000e+00 0.000000000e+00 1.406542532e+00 0.000000000e+00
7.450000000e+00 0.000000000e+00 1.406751748e+00 0.000000000e+00
7.460000000e+00 0.000000000e+00 1.406959883e+00 0.000000000e+00
7.470000000e+00 0.000000000e+00 1.407166934e+00 0.000000000e+00
7.480000000e+00 0.000000000e+00 1.407372901e+00 0.000000000e+00
7.490000000e+00 0.000000000e+00 1.407577783e+00 0.000000000e+00
7.500000000e+00 0.000000000e+00 1.407781577e+00 0.000000000e+00
7.510000000e+00 0.000000000e+00 1.407984284e+00 0.000000000e+00
7.520000000e+00 0.000000000e+00 1.408185900e+00 0.000000000e+00
7.530000000e+00 0.000000000e+00 1.408386426e+00 0.000000000e+00
7.540000000e+00 0.000000000e+00 1.408585860e+00 0.000000000e+00
7.550000000e+00 0.000000000e+00 1.408784200e+00 0.000000000e+00
7.560000000e+00 0.000000000e+00 1.408981446e+00 0.000000000e+00
7.570000000e+00 0.000000000e+00 1.409177597e+00 0.000000000e+00
7.580000000e+00 0.000000000e+00 1.409372651e+00 0.000000000e+00
7.590000000e+00 0.000000000e+00 1.409566607e+00 0.000000000e+00
7.600000000e+00 0.000000000e+00 1.409759465e+00 0.000000000e+00
7.610000000e+00 0.000000000e+00 1.409951223e+00 0.000000000e+00
7.620000000e+00 0.000000000e+00 1.410141881e+00 0.000000000e+00
7.630000000e+00 0.000000000e+00 1.410331437e+00 0.000000000e+00
7.640000000e+00 0.000000000e+00 1.410519890e+00 0.000000000e+00
7.650000000e+00 0.000000000e+00 1.410707241e+00 0.000000000e+00
7.660000000e+00 0.000000000e+00 1.410893487e+00 0.000000000e+00
7.670000000e+00 0.000000000e+00 1.411078629e+00 0.000000000e+00
7.680000000e+00 0.000000000e+00 1.411262665e+00 0.000000000e+00
7.690000000e+00 0.000000000e+00 1.411445595e+00 0.000000000e+00
7.700000000e+00 0.000000000e+00 1.411627418e+00 0.000000000e+00
7.710000000e+00 0.000000000e+00 1.411808133e+00 0.000000000e+00
7.720000000e+00 0.000000000e+00 1.411987740e+00 0.000000000e+00
7.730000000e+00 0.000000000e+00 1.412166238e+00 0.000000000e+00
7.740000000e+00 0.000000000e+00 1.412343627e+00 0.000000000e+00
7.750000000e+00 0.000000000e+00 1.412519906e+00 0.000000000e+00
7.760000000e+00 0.000000000e+00 1.412695075e+00 0.000000000e+00
7.770000000e+00 0.000000000e+00 1.412869133e+00 0.000000000e+00
7.780000000e+00 0.000000000e+00 1.413042080e+00 0.000000000e+00
7.790000000e+00 0.000000000e+00 1.413213916e+00 0.000000000e+00
7.800000000e+00 0.000000000e+00 1.413384640e+00 0.000000000e+00
7.810000000e+00 0.000000000e+00 1.413554252e+00 0.000000000e+00
7.820000000e+00 0.000000000e+00 1.413722751e+00 0.000000000e+00
7.830000000e+00 0.000000000e+00 1.413890138e+00 0.000000000e+00
7.840000000e+00 0.000000000e+00 1.414056412e+00 0.000000000e+00
7.850000000e+00 0.000000000e+00 1.414221574e+00 0.000000000e+00
7.860000000e+00 0.000000000e+00 1.414385622e+00 0.000000000e+00
7.870000000e+00 0.000000000e+00 1.414548558e+00 0.000000000e+00
7.880000000e+00 0.000000000e+00 1.414710380e+00 0.000000000e+00
7.890000000e+00 0.000000000e+00 1.414871090e+00 0.000000000e+00
7.900000000e+00 0.000000000e+00 1.415030686e+00 0.000000000e+00
7.910000000e+00 0.000000000e+00 1.415189170e+00 0.000000000e+00
7.920000000e+00 0.000000000e+00 1.415346541e+00 0.000000000e+00
7.930000000e+00 0.000000000e+00 1.415502799e+00 0.000000000e+00
7.940000000e+00 0.000000000e+00 1.415657946e+00 0.000000000e+00
7.950000000e+00 0.000000000e+00 1.415811980e+00 0.000000000e+00
7.960000000e+00 0.000000000e+00 1.415964902e+00 0.000000000e+00
7.970000000e+00 0.000000000e+00 1.416116712e+00 0.000000000e+00
7.980000000e+00 0.000000000e+00 1.416267412e+00 0.000000000e+00
7.990000000e+00 0.000000000e+00 1.416417001e+00 0.000000000e+00
8.000000000e+00 0.000000000e+00 1.416565479e+00 0.000000000e+00
8.010000000e+00 0.000000000e+00 1.416712848e+00 0.000000000e+00
8.020000000e+00 0.000000000e+00 1.416859107e+00 0.000000000e+00
8.030000000e+00 0.000000000e+00 1.417004258e+00 0.000000000e+00
8.040000000e+00 0.000000000e+00 1.417148301e+00 0.000000000e+00
8.050000000e+00 0.000000000e+00 1.417291236e+00 0.000000000e+00
8.060000000e+00 0.000000000e+00 1.417433064e+00 0.000000000e+00
8.070000000e+00 0.000000000e+00 1.417573786e+00 0.000000000e+00
8.080000000e+00 0.000000000e+00 1.417713403e+00 0.000000000e+00
8.090000000e+00 0.000000000e+00 1.417851916e+00 0.000000000e+00
8.100000000e+00 0.000000000e+00 1.417989324e+00 0.000000000e+00
8.110000000e+00 0.000000000e+00 1.418125630e+00 0.000000000e+00
8.120000000e+00 0.000000000e+00 1.418260835e+00 0.000000000e+00
8.130000000e+00 0.000000000e+00 1.418394938e+00 0.000000000e+00
8.140000000e+00 0.000000000e+00 1.418527942e+00 0.000000000e+00
8.150000000e+00 0.000000000e+00 1.418659847e+00 0.000000000e+00
8.160000000e+00 0.000000000e+00 1.418790654e+00 0.000000000e+00
8.170000000e+00 0.000000000e+00 1.418920364e+00 0.000000000e+00
8.180000000e+00 0.000000000e+00 1.419048980e+00 0.000000000e+00
8.190000000e+00 0.000000000e+00 1.419176501e+00 0.000000000e+00
8.200000000e+00 0.000000000e+00 1.419302929e+00 0.000000000e+00
8.210000000e+00 0.000000000e+00 1.419428266e+00 0.000000000e+00
8.220000000e+00 0.000000000e+00 1.419552513e+00 0.000000000e+00
8.230000000e+00 0.000000000e+00 1.419675670e+00 0.000000000e+00
8.240000000e+00 0.000000000e+00 1.419797741e+00 0.000000000e+00
8.250000000e+00 0.000000000e+00 1.419918726e+00 0.000000000e+00
8.260000000e+00 0.000000000e+00 1.420038626e+00 0.000000000e+00
8.270000000e+00 0.000000000e+00 1.420157444e+00 0.000000000e+00
8.280000000e+00 0.000000000e+00 1.420275181e+00 0.000000000e+00
8.290000000e+00 0.000000000e+00 1.420391838e+00 0.000000000e+00
8.300000000e+00 0.000000000e+00 1.420507418e+00 0.000000000e+00
8.310000000e+00 0.000000000e+00 1.420621921e+00 0.000000000e+00
8.320000000e+00 0.000000000e+00 1.420735351e+00 0.000000000e+00
8.330000000e+00 0.000000000e+00 1.420847708e+00 0.000000000e+00
8.340000000e+00 0.000000000e+00 1.420958995e+00 0.000000000e+00
8.350000000e+00 0.000000000e+00 1.421069213e+00 0.000000000e+00
8.360000000e+00 0.000000000e+00 1.421178365e+00 0.000000000e+00
8.370000000e+00 0.000000000e+00 1.421286452e+00 0.000000000e+00
8.380000000e+00 0.000000000e+00 1.421393477e+00 0.000000000e+00
8.390000000e+00 0.000000000e+00 1.421499442e+00 0.000000000e+00
8.400000000e+00 0.000000000e+00 1.421604349e+00 0.000000000e+00
8.410000000e+00 0.000000000e+00 1.421708200e+00 0.000000000e+00
8.420000000e+00 0.000000000e+00 1.421810997e+00 0.000000000e+00
8.430000000e+00 0.000000000e+00 1.421912743e+00 0.000000000e+00
8.440000000e+00 0.000000000e+00 1.422013440e+00 0.000000000e+00
8.450000000e+00 0.000000000e+00 1.422113090e+00 0.000000000e+00
8.460000000e+00 0.000000000e+00 1.422211697e+00 0.000000000e+00
8.470000000e+00 0.000000000e+00 1.422309261e+00 0.000000000e+00
8.480000000e+00 0.000000000e+00 1.422405787e+00 0.000000000e+00
8.490000000e+00 0.000000000e+00 1.422501276e+00 0.000000000e+00
8.500000000e+00 0.000000000e+00 1.422595732e+00 0.000000000e+00
8.510000000e+00 0.000000000e+00 1.422689156e+00 0.000000000e+00
8.520000000e+00 0.000000000e+00 1.422781552e+00 0.000000000e+00
8.530000000e+00 0.000000000e+00 1.422872922e+00 0.000000000e+00
8.540000000e+00 0.000000000e+00 1.422963269e+00 0.000000000e+00
8.550000000e+00 0.000000000e+00 1.423052597e+00 0.000000000e+00
8.560000000e+00 0.000000000e+00 1.423140908e+00 0.000000000e+00
8.570000000e+00 0.000000000e+00 1.423228204e+00 0.000000000e+00
8.580000000e+00 0.000000000e+00 1.423314490e+00 0.000000000e+00
8.590000000e+00 0.000000000e+00 1.423399768e+00 0.000000000e+00
8.600000000e+00 0.000000000e+00 1.423484041e+00 0.000000000e+00
8.610000000e+00 0.000000000e+00 1.423567312e+00 0.000000000e+00
8.620000000e+00 0.000000000e+00 1.423649585e+00 0.000000000e+00
8.630000000e+00 0.000000000e+00 1.423730863e+00 0.000000000e+00
8.640000000e+00 0.000000000e+00 1.423811150e+00 0.000000000e+00
8.650000000e+00 0.000000000e+00 1.423890448e+00 0.000000000e+00
8.660000000e+00 0.000000000e+00 1.423968761e+00 0.000000000e+00
8.670000000e+00 0.000000000e+00 1.424046092e+00 0.000000000e+00
8.680000000e+00 0.000000000e+00 1.424122446e+00 0.000000000e+00
8.690000000e+00 0.000000000e+00 1.424197825e+00 0.000000000e+00
8.700000000e+00 0.000000000e+00 1.424272234e+00 0.000000000e+00
8.710000000e+00 0.000000000e+00 1.424345675e+00 0.000000000e+00
8.720000000e+00 0.000000000e+00 1.424418153e+00 0.000000000e+00
8.730000000e+00 0.000000000e+00 1.424489672e+00 0.000000000e+00
8.740000000e+00 0.000000000e+00 1.424560235e+00 0.000000000e+00
8.750000000e+00 0.000000000e+00 1.424629846e+00 0.000000000e+00
8.760000000e+00 0.000000000e+00 1.424698509e+00 0.000000000e+00
8.770000000e+00 0.000000000e+00 1.424766228e+00 0.000000000e+00
8.780000000e+00 0.000000000e+00 1.424833008e+00 0.000000000e+00
8.790000000e+00 0.000000000e+00 1.424898852e+00 0.000000000e+00
8.800000000e+00 0.000000000e+00 1.424963764e+00 0.000000000e+00
8.810000000e+00 0.000000000e+00 1.425027749e+00 0.000000000e+00
8.820000000e+00 0.000000000e+00 1.425090810e+00 0.000000000e+00
8.830000000e+00 0.000000000e+00 1.425152953e+00 0.000000000e+00
8.840000000e+00 0.000000000e+00 1.425214181e+00 0.000000000e+00
8.850000000e+00 0.000000000e+00 1.425274500e+00 0.000000000e+00
8.860000000e+00 0.000000000e+00 1.425333912e+00 0.000000000e+00
8.870000000e+00 0.000000000e+00 1.425392424e+00 0.000000000e+00
8.880000000e+00 0.000000000e+00 1.425450039e+00 0.000000000e+00
8.890000000e+00 0.000000000e+00 1.425506762e+00 0.000000000e+00
8.900000000e+00 0.000000000e+00 1.425562598e+00 0.000000000e+00
8.910000000e+00 0.000000000e+00 1.425617552e+00 0.000000000e+00
8.920000000e+00 0.000000000e+00 1.425671628e+00 0.000000000e+00
8.930000000e+00 0.000000000e+00 1.425724831e+00 0.000000000e+00
8.940000000e+00 0.000000000e+00 1.425777166e+00 0.000000000e+00
8.950000000e+00 0.000000000e+00 1.425828638e+00 0.000000000e+00
8.960000000e+00 0.000000000e+00 1.425879252e+00 0.000000000e+00
8.970000000e+00 0.000000000e+00 1.425929013e+00 0.000000000e+00
8.980000000e+00 0.000000000e+00 1.425977926e+00 0.000000000e+00
8.990000000e+00 0.000000000e+00 1.426025997e+00 0.000000000e+00
9.000000000e+00 0.000000000e+00 1.426073231e+00 0.000000000e+00
9.010000000e+00 0.000000000e+00 1.426119632e+00 0.000000000e+00
9.020000000e+00 0.000000000e+00 1.426165206e+00 0.000000000e+00
9.030000000e+00 0.000000000e+00 1.426209959e+00 0.000000000e+00
9.040000000e+00 0.000000000e+00 1.426253896e+00 0.000000000e+00
9.050000000e+00 0.000000000e+00 1.426297023e+00 0.000000000e+00
9.060000000e+00 0.000000000e+00 1.426339345e+00 0.000000000e+00
9.070000000e+00 0.000000000e+00 1.426380867e+00 0.000000000e+00
9.080000000e+00 0.000000000e+00 1.426421596e+00 0.000000000e+00
9.090000000e+00 0.000000000e+00 1.426461537e+00 0.000000000e+00
9.100000000e+00 0.000000000e+00 1.426500696e+00 0.000000000e+00
9.110000000e+00 0.000000000e+00 1.426539079e+00 0.000000000e+00
9.120000000e+00 0.000000000e+00 1.426576691e+00 0.000000000e+00
9.130000000e+00 0.000000000e+00 1.426613539e+00 0.000000000e+00
9.140000000e+00 0.000000000e+00 1.426649629e+00 0.000000000e+00
9.150000000e+00 0.000000000e+00 1.426684966e+00 0.000000000e+00
9.160000000e+00 0.000000000e+00 1.426719558e+00 0.000000000e+00
9.170000000e+00 0.000000000e+00 1.426753409e+00 0.000000000e+00
9.180000000e+00 0.000000000e+00 1.426786527e+00 0.000000000e+00
9.190000000e+00 0.000000000e+00 1.426818917e+00 0.000000000e+00
9.200000000e+00 0.000000000e+00 1.426850586e+00 0.000000000e+00
9.210000000e+00 0.000000000e+00 1.426881541e+00 0.000000000e+00
9.220000000e+00 0.000000000e+00 1.426911787e+00 0.000000000e+00
9.230000000e+00 0.000000000e+00 1.426941332e+00 0.000000000e+00
9.240000000e+00 0.000000000e+00 1.426970182e+00 0.000000000e+00
9.250000000e+00 0.000000000e+00 1.426998343e+00 0.000000000e+00
9.260000000e+00 0.000000000e+00 1.427025823e+00 0.000000000e+00
9.270000000e+00 0.000000000e+00 1.427052628e+00 0.000000000e+00
9.280000000e+00 0.000000000e+00 1.427078765e+00 0.000000000e+00
9.290000000e+00 0.000000000e+00 1.427104241e+00 0.000000000e+00
9.300000000e+00 0.000000000e+00 1.427129062e+00 0.000000000e+00
9.310000000e+00 0.000000000e+00 1.427153237e+00 0.000000000e+00
9.320000000e+00 0.000000000e+00 1.427176771e+00 0.000000000e+00
9.330000000e+00 0.000000000e+00 1.427199672e+00 0.000000000e+00
9.340000000e+00 0.000000000e+00 1.427221948e+00 0.000000000e+00
9.350000000e+00 0.000000000e+00 1.427243605e+00 0.000000000e+00
9.360000000e+00 0.000000000e+00 1.427264651e+00 0.000000000e+00
9.370000000e+00 0.000000000e+00 1.427285093e+00 0.000000000e+00
9.380000000e+00 0.000000000e+00 1.427304939e+00 0.000000000e+00
9.390000000e+00 0.000000000e+00 1.427324195e+00 0.000000000e+00
9.400000000e+00 0.000000000e+00 1.427342870e+00 0.000000000e+00
9.410000000e+00 0.000000000e+00 1.427360972e+00 0.000000000e+00
9.420000000e+00 0.000000000e+00 1.427378507e+00 0.000000000e+00
9.430000000e+00 0.000000000e+00 1.427395485e+00 0.000000000e+00
9.440000000e+00 0.000000000e+00 1.427411911e+00 0.000000000e+00
9.450000000e+00 0.000000000e+00 1.427427795e+00 0.000000000e+00
9.460000000e+00 0.000000000e+00 1.427443144e+00 0.000000000e+00
9.470000000e+00 0.000000000e+00 1.427457967e+00 0.000000000e+00
9.480000000e+00 0.000000000e+00 1.427472270e+00 0.000000000e+00
9.490000000e+00 0.000000000e+00 1.427486064e+00 0.000000000e+00
9.500000000e+00 0.000000000e+00 1.427499354e+00 0.000000000e+00
9.510000000e+00 0.000000000e+00 1.427512151e+00 0.000000000e+00
9.520000000e+00 0.000000000e+00 1.427524461e+00 0.000000000e+00
9.530000000e+00 0.000000000e+00 1.427536294e+00 0.000000000e+00
9.540000000e+00 0.000000000e+00 1.427547658e+00 0.000000000e+00
9.550000000e+00 0.000000000e+00 1.427558561e+00 0.000000000e+00
9.560000000e+00 0.000000000e+00 1.427569012e+00 0.000000000e+00
9.570000000e+00 0.000000000e+00 1.427579020e+00 0.000000000e+00
9.580000000e+00 0.000000000e+00 1.427588592e+00 0.000000000e+00
9.590000000e+00 0.000000000e+00 1.427597739e+00 0.000000000e+00
9.600000000e+00 0.000000000e+00 1.427606468e+00 0.000000000e+00
9.610000000e+00 0.000000000e+00 1.427614789e+00 0.000000000e+00
9.620000000e+00 0.000000000e+00 1.427622711e+00 0.000000000e+00
9.630000000e+00 0.000000000e+00 1.427630242e+00 0.000000000e+00
9.640000000e+00 0.000000000e+00 1.427637392e+00 0.000000000e+00
9.650000000e+00 0.000000000e+00 1.427644169e+00 0.000000000e+00
9.660000000e+00 0.000000000e+00 1.427650583e+00 0.000000000e+00
9.670000000e+00 0.000000000e+00 1.427656643e+00 0.000000000e+00
9.680000000e+00 0.000000000e+00 1.427662359e+00 0.000000000e+00
9.690000000e+00 0.000000000e+00 1.427667739e+00 0.000000000e+00
9.700000000e+00 0.000000000e+00 1.427672794e+00 0.000000000e+00
9.710000000e+00 0.000000000e+00 1.427677532e+00 0.000000000e+00
9.720000000e+00 0.000000000e+00 1.427681964e+00 0.000000000e+00
9.730000000e+00 0.000000000e+00 1.427686099e+00 0.000000000e+00
9.740000000e+00 0.000000000e+00 1.427689947e+00 0.000000000e+00
9.750000000e+00 0.000000000e+00 1.427693517e+00 0.000000000e+00
9.760000000e+00 0.000000000e+00 1.427696819e+00 0.000000000e+00
9.770000000e+00 0.000000000e+00 1.427699863e+00 0.000000000e+00
9.780000000e+00 0.000000000e+00 1.427702660e+00 0.000000000e+00
9.790000000e+00 0.000000000e+00 1.427705219e+00 0.000000000e+00
9.800000000e+00 0.000000000e+00 1.427707550e+00 0.000000000e+00
9.810000000e+00 0.000000000e+00 1.427709663e+00 0.000000000e+00
9.820000000e+00 0.000000000e+00 1.427711570e+00 0.000000000e+00
9.830000000e+00 0.000000000e+00 1.427713279e+00 0.000000000e+00
9.840000000e+00 0.000000000e+00 1.427714802e+00 0.000000000e+00
9.850000000e+00 0.000000000e+00 1.427716148e+00 0.000000000e+00
9.860000000e+00 0.000000000e+00 1.427717329e+00 0.000000000e+00
9.870000000e+00 0.000000000e+00 1.427718355e+00 0.000000000e+00
9.880000000e+00 0.000000000e+00 1.427719236e+00 0.000000000e+00
9.890000000e+00 0.000000000e+00 1.427719983e+00 0.000000000e+00
9.900000000e+00 0.000000000e+00 1.427720608e+00 0.000000000e+00
9.910000000e+00 0.000000000e+00 1.427721120e+00 0.000000000e+00
9.920000000e+00 0.000000000e+00 1.427721531e+00 0.000000000e+00
9.930000000e+00 0.000000000e+00 1.427721852e+00 0.000000000e+00
9.940000000e+00 0.000000000e+00 1.427722093e+00 0.000000000e+00
9.950000000e+00 0.000000000e+00 1.427722267e+00 0.000000000e+00
9.960000000e+00 0.000000000e+00 1.427722383e+00 0.000000000e+00
9.970000000e+00 0.000000000e+00 1.427722454e+00 0.000000000e+00
9.980000000e+00 0.000000000e+00 1.427722491e+00 0.000000000e+00
9.990000000e+00 0.000000000e+00 1.427722504e+00 0.000000000e+00
1.000000000e+01 0.000000000e+00 1.427722506e+00 0.000000000e+00
