0.000000000e+00 -5.187973537e-03 -6.504601326e-06  2.400573581e-01
1.000000000e-02 -5.187973174e-03 -6.504601326e-06  2.400573582e-01
2.000000000e-02 -5.187970638e-03 -6.504601326e-06  2.400573588e-01
3.000000000e-02 -5.187963766e-03 -6.504601326e-06  2.400573603e-01
4.000000000e-02 -5.187950409e-03 -6.504601326e-06  2.400573632e-01
5.000000000e-02 -5.187928433e-03 -6.504601326e-06  2.400573681e-01
6.000000000e-02 -5.187895715e-03 -6.504601326e-06  2.400573753e-01
7.000000000e-02 -5.187850144e-03 -6.504601326e-06  2.400573854e-01
8.000000000e-02 -5.187789625e-03 -6.504601326e-06  2.400573988e-01
9.000000000e-02 -5.187712072e-03 -6.504601326e-06  2.400574160e-01
1.000000000e-01 -5.187615416e-03 -6.504601326e-06  2.400574373e-01
1.100000000e-01 -5.187497597e-03 -6.504601326e-06  2.400574634e-01
1.200000000e-01 -5.187356571e-03 -6.504601326e-06  2.400574946e-01
1.300000000e-01 -5.187190305e-03 -6.504601326e-06  2.400575314e-01
1.400000000e-01 -5.186996780e-03 -6.504601326e-06  2.400575742e-01
1.500000000e-01 -5.186773987e-03 -6.504601326e-06  2.400576235e-01
1.600000000e-01 -5.186519933e-03 -6.504601326e-06  2.400576797e-01
1.700000000e-01 -5.186232636e-03 -6.504601326e-06  2.400577433e-01
1.800000000e-01 -5.185910127e-03 -6.504601326e-06  2.400578146e-01
1.900000000e-01 -5.185550450e-03 -6.504601326e-06  2.400578942e-01
2.000000000e-01 -5.185151661e-03 -6.504601326e-06  2.400579824e-01
2.100000000e-01 -5.184711829e-03 -6.504601326e-06  2.400580797e-01
2.200000000e-01 -5.184229035e-03 -6.504601326e-06  2.400581865e-01
2.300000000e-01 -5.183701373e-03 -6.504601326e-06  2.400583032e-01
2.400000000e-01 -5.183126949e-03 -6.504601326e-06  2.400584303e-01
2.500000000e-01 -5.182503882e-03 -6.504601326e-06  2.400585681e-01
2.600000000e-01 -5.181830303e-03 -6.504601326e-06  2.400587171e-01
2.700000000e-01 -5.181104357e-03 -6.504601326e-06  2.400588776e-01
2.800000000e-01 -5.180324199e-03 -6.504601326e-06  2.400590502e-01
2.900000000e-01 -5.179487997e-03 -6.504601326e-06  2.400592351e-01
3.000000000e-01 -5.178593932e-03 -6.504601326e-06  2.400594328e-01
3.100000000e-01 -5.177640198e-03 -6.504601326e-06  2.400596437e-01
3.200000000e-01 -5.176624999e-03 -6.504601326e-06  2.400598682e-01
3.300000000e-01 -5.175546552e-03 -6.504601326e-06  2.400601066e-01
3.400000000e-01 -5.174403089e-03 -6.504601326e-06  2.400603594e-01
3.500000000e-01 -5.173192850e-03 -6.504601326e-06  2.400606269e-01
3.600000000e-01 -5.171914089e-03 -6.504601326e-06  2.400609095e-01
3.700000000e-01 -5.170565074e-03 -6.504601326e-06  2.400612077e-01
3.800000000e-01 -5.169144081e-03 -6.504601326e-06  2.400615217e-01
3.900000000e-01 -5.167649401e-03 -6.504601326e-06  2.400618520e-01
4.000000000e-01 -5.166079338e-03 -6.504601326e-06  2.400621989e-01
4.100000000e-01 -5.164432204e-03 -6.504601326e-06  2.400625628e-01
4.200000000e-01 -5.162706326e-03 -6.504601326e-06  2.400629441e-01
4.300000000e-01 -5.160900043e-03 -6.504601326e-06  2.400633431e-01
4.400000000e-01 -5.159011705e-03 -6.504601326e-06  2.400637601e-01
4.500000000e-01 -5.157039674e-03 -6.504601326e-06  2.400641956e-01
4.600000000e-01 -5.154982323e-03 -6.504601326e-06  2.400646498e-01
4.700000000e-01 -5.152838040e-03 -6.504601326e-06  2.400651232e-01
4.800000000e-01 -5.150605220e-03 -6.504601326e-06  2.400656161e-01
4.900000000e-01 -5.148282275e-03 -6.504601326e-06  2.400661288e-01
5.000000000e-01 -5.145867624e-03 -6.504601326e-06  2.400666616e-01
5.100000000e-01 -5.143359701e-03 -6.504601326e-06  2.400672149e-01
5.200000000e-01 -5.140756949e-03 -6.504601326e-06  2.400677891e-01
5.300000000e-01 -5.138057827e-03 -6.504601326e-06  2.400683844e-01
5.400000000e-01 -5.135260800e-03 -6.504601326e-06  2.400690012e-01
5.500000000e-01 -5.132364349e-03 -6.504601326e-06  2.400696398e-01
5.600000000e-01 -5.129366964e-03 -6.504601326e-06  2.400703005e-01
5.700000000e-01 -5.126267149e-03 -6.504601326e-06  2.400709837e-01
5.800000000e-01 -5.123063417e-03 -6.504601326e-06  2.400716896e-01
5.900000000e-01 -5.119754293e-03 -6.504601326e-06  2.400724186e-01
6.000000000e-01 -5.116338316e-03 -6.504601326e-06  2.400731709e-01
6.100000000e-01 -5.112814032e-03 -6.504601326e-06  2.400739469e-01
6.200000000e-01 -5.109180002e-03 -6.504601326e-06  2.400747470e-01
6.300000000e-01 -5.105434798e-03 -6.504601326e-06  2.400755712e-01
6.400000000e-01 -5.101577001e-03 -6.504601326e-06  2.400764201e-01
6.500000000e-01 -5.097605206e-03 -6.504601326e-06  2.400772938e-01
6.600000000e-01 -5.093518018e-03 -6.504601326e-06  2.400781927e-01
6.700000000e-01 -5.089314052e-03 -6.504601326e-06  2.400791170e-01
6.800000000e-01 -5.084991937e-03 -6.504601326e-06  2.400800669e-01
6.900000000e-01 -5.080550312e-03 -6.504601326e-06  2.400810429e-01
7.000000000e-01 -5.075987826e-03 -6.504601326e-06  2.400820452e-01
7.100000000e-01 -5.071303141e-03 -6.504601326e-06  2.400830739e-01
7.200000000e-01 -5.066494928e-03 -6.504601326e-06  2.400841295e-01
7.300000000e-01 -5.061561872e-03 -6.504601326e-06  2.400852121e-01
7.400000000e-01 -5.056502665e-03 -6.504601326e-06  2.400863221e-01
7.500000000e-01 -5.051316015e-03 -6.504601326e-06  2.400874596e-01
7.600000000e-01 -5.046000637e-03 -6.504601326e-06  2.400886250e-01
7.700000000e-01 -5.040555258e-03 -6.504601326e-06  2.400898184e-01
7.800000000e-01 -5.034978617e-03 -6.504601326e-06  2.400910402e-01
7.900000000e-01 -5.029269462e-03 -6.504601326e-06  2.400922905e-01
8.000000000e-01 -5.023426555e-03 -6.504601326e-06  2.400935696e-01
8.100000000e-01 -5.017448665e-03 -6.504601326e-06  2.400948778e-01
8.200000000e-01 -5.011334575e-03 -6.504601326e-06  2.400962152e-01
8.300000000e-01 -5.005083077e-03 -6.504601326e-06  2.400975821e-01
8.400000000e-01 -4.998692974e-03 -6.504601326e-06  2.400989788e-01
8.500000000e-01 -4.992163080e-03 -6.504601326e-06  2.401004054e-01
8.600000000e-01 -4.985492220e-03 -6.504601326e-06  2.401018621e-01
8.700000000e-01 -4.978679230e-03 -6.504601326e-06  2.401033492e-01
8.800000000e-01 -4.971722954e-03 -6.504601326e-06  2.401048669e-01
8.900000000e-01 -4.964622251e-03 -6.504601326e-06  2.401064154e-01
9.000000000e-01 -4.957375987e-03 -6.504601326e-06  2.401079949e-01
9.100000000e-01 -4.949983040e-03 -6.504601326e-06  2.401096056e-01
9.200000000e-01 -4.942442298e-03 -6.504601326e-06  2.401112477e-01
9.300000000e-01 -4.934752660e-03 -6.504601326e-06  2.401129213e-01
9.400000000e-01 -4.926913036e-03 -6.504601326e-06  2.401146267e-01
9.500000000e-01 -4.918922345e-03 -6.504601326e-06  2.401163641e-01
9.600000000e-01 -4.910779517e-03 -6.504601326e-06  2.401181335e-01
9.700000000e-01 -4.902483493e-03 -6.504601326e-06  2.401199353e-01
9.800000000e-01 -4.894033224e-03 -6.504601326e-06  2.401217696e-01
9.900000000e-01 -4.885427671e-03 -6.504601326e-06  2.401236365e-01
1.000000000e+00 -4.876665806e-03 -6.504601326e-06  2.401255362e-01
1.010000000e+00 -4.867746610e-03 -6.504601326e-06  2.401274689e-01
1.020000000e+00 -4.858669076e-03 -6.504601326e-06  2.401294347e-01
1.030000000e+00 -4.849432206e-03 -6.504601326e-06  2.401314338e-01
1.040000000e+00 -4.840035012e-03 -6.504601326e-06  2.401334664e-01
1.050000000e+00 -4.830476518e-03 -6.504601326e-06  2.401355325e-01
1.060000000e+00 -4.820755755e-03 -6.504601326e-06  2.401376323e-01
1.070000000e+00 -4.810871767e-03 -6.504601326e-06  2.401397660e-01
1.080000000e+00 -4.800823608e-03 -6.504601326e-06  2.401419337e-01
1.090000000e+00 -4.790610339e-03 -6.504601326e-06  2.401441355e-01
1.100000000e+00 -4.780231035e-03 -6.504601326e-06  2.401463715e-01
1.110000000e+00 -4.769684778e-03 -6.504601326e-06  2.401486420e-01
1.120000000e+00 -4.758970661e-03 -6.504601326e-06  2.401509469e-01
1.130000000e+00 -4.748087788e-03 -6.504601326e-06  2.401532864e-01
1.140000000e+00 -4.737035271e-03 -6.504601326e-06  2.401556607e-01
1.150000000e+00 -4.725812233e-03 -6.504601326e-06  2.401580697e-01
1.160000000e+00 -4.714417807e-03 -6.504601326e-06  2.401605137e-01
1.170000000e+00 -4.702851135e-03 -6.504601326e-06  2.401629928e-01
1.180000000e+00 -4.691111370e-03 -6.504601326e-06  2.401655069e-01
1.190000000e+00 -4.679197674e-03 -6.504601326e-06  2.401680563e-01
1.200000000e+00 -4.667109219e-03 -6.504601326e-06  2.401706409e-01
1.210000000e+00 -4.654845187e-03 -6.504601326e-06  2.401732610e-01
1.220000000e+00 -4.642404768e-03 -6.504601326e-06  2.401759165e-01
1.230000000e+00 -4.629787164e-03 -6.504601326e-06  2.401786076e-01
1.240000000e+00 -4.616991585e-03 -6.504601326e-06  2.401813342e-01
1.250000000e+00 -4.604017252e-03 -6.504601326e-06  2.401840966e-01
1.260000000e+00 -4.590863394e-03 -6.504601326e-06  2.401868946e-01
1.270000000e+00 -4.577529252e-03 -6.504601326e-06  2.401897285e-01
1.280000000e+00 -4.564014073e-03 -6.504601326e-06  2.401925983e-01
1.290000000e+00 -4.550317117e-03 -6.504601326e-06  2.401955039e-01
1.300000000e+00 -4.536437651e-03 -6.504601326e-06  2.401984455e-01
1.310000000e+00 -4.522374953e-03 -6.504601326e-06  2.402014232e-01
1.320000000e+00 -4.508128310e-03 -6.504601326e-06  2.402044368e-01
1.330000000e+00 -4.493697018e-03 -6.504601326e-06  2.402074865e-01
1.340000000e+00 -4.479080383e-03 -6.504601326e-06  2.402105724e-01
1.350000000e+00 -4.464277720e-03 -6.504601326e-06  2.402136943e-01
1.360000000e+00 -4.449288352e-03 -6.504601326e-06  2.402168525e-01
1.370000000e+00 -4.434111615e-03 -6.504601326e-06  2.402200468e-01
1.380000000e+00 -4.418746850e-03 -6.504601326e-06  2.402232773e-01
1.390000000e+00 -4.403193410e-03 -6.504601326e-06  2.402265440e-01
1.400000000e+00 -4.387450657e-03 -6.504601326e-06  2.402298469e-01
1.410000000e+00 -4.371517960e-03 -6.504601326e-06  2.402331860e-01
1.420000000e+00 -4.355394701e-03 -6.504601326e-06  2.402365614e-01
1.430000000e+00 -4.339080267e-03 -6.504601326e-06  2.402399729e-01
1.440000000e+00 -4.322574058e-03 -6.504601326e-06  2.402434207e-01
1.450000000e+00 -4.305875479e-03 -6.504601326e-06  2.402469046e-01
1.460000000e+00 -4.288983948e-03 -6.504601326e-06  2.402504247e-01
1.470000000e+00 -4.271898890e-03 -6.504601326e-06  2.402539810e-01
1.480000000e+00 -4.254619739e-03 -6.504601326e-06  2.402575734e-01
1.490000000e+00 -4.237145939e-03 -6.504601326e-06  2.402612019e-01
1.500000000e+00 -4.219476941e-03 -6.504601326e-06  2.402648664e-01
1.510000000e+00 -4.201612207e-03 -6.504601326e-06  2.402685670e-01
1.520000000e+00 -4.183551208e-03 -6.504601326e-06  2.402723036e-01
1.530000000e+00 -4.165293423e-03 -6.504601326e-06  2.402760761e-01
1.540000000e+00 -4.146838338e-03 -6.504601326e-06  2.402798845e-01
1.550000000e+00 -4.128185452e-03 -6.504601326e-06  2.402837287e-01
1.560000000e+00 -4.109334271e-03 -6.504601326e-06  2.402876087e-01
1.570000000e+00 -4.090284307e-03 -6.504601326e-06  2.402915245e-01
1.580000000e+00 -4.071035085e-03 -6.504601326e-06  2.402954759e-01
1.590000000e+00 -4.051586137e-03 -6.504601326e-06  2.402994629e-01
1.600000000e+00 -4.031937004e-03 -6.504601326e-06  2.403034854e-01
1.610000000e+00 -4.012087234e-03 -6.504601326e-06  2.403075433e-01
1.620000000e+00 -3.992036387e-03 -6.504601326e-06  2.403116367e-01
1.630000000e+00 -3.971784028e-03 -6.504601326e-06  2.403157652e-01
1.640000000e+00 -3.951329734e-03 -6.504601326e-06  2.403199290e-01
1.650000000e+00 -3.930673088e-03 -6.504601326e-06  2.403241279e-01
1.660000000e+00 -3.909813683e-03 -6.504601326e-06  2.403283617e-01
1.670000000e+00 -3.888751120e-03 -6.504601326e-06  2.403326305e-01
1.680000000e+00 -3.867485009e-03 -6.504601326e-06  2.403369340e-01
1.690000000e+00 -3.846014968e-03 -6.504601326e-06  2.403412722e-01
1.700000000e+00 -3.824340624e-03 -6.504601326e-06  2.403456450e-01
1.710000000e+00 -3.802461612e-03 -6.504601326e-06  2.403500523e-01
1.720000000e+00 -3.780377575e-03 -6.504601326e-06  2.403544938e-01
1.730000000e+00 -3.758088166e-03 -6.504601326e-06  2.403589696e-01
1.740000000e+00 -3.735593046e-03 -6.504601326e-06  2.403634795e-01
1.750000000e+00 -3.712891882e-03 -6.504601326e-06  2.403680233e-01
1.760000000e+00 -3.689984353e-03 -6.504601326e-06  2.403726009e-01
1.770000000e+00 -3.666870144e-03 -6.504601326e-06  2.403772122e-01
1.780000000e+00 -3.643548948e-03 -6.504601326e-06  2.403818571e-01
1.790000000e+00 -3.620020467e-03 -6.504601326e-06  2.403865353e-01
1.800000000e+00 -3.596284413e-03 -6.504601326e-06  2.403912467e-01
1.810000000e+00 -3.572340504e-03 -6.504601326e-06  2.403959913e-01
1.820000000e+00 -3.548188466e-03 -6.504601326e-06  2.404007687e-01
1.830000000e+00 -3.523828034e-03 -6.504601326e-06  2.404055789e-01
1.840000000e+00 -3.499258952e-03 -6.504601326e-06  2.404104217e-01
1.850000000e+00 -3.474480971e-03 -6.504601326e-06  2.404152969e-01
1.860000000e+00 -3.449493851e-03 -6.504601326e-06  2.404202044e-01
1.870000000e+00 -3.424297359e-03 -6.504601326e-06  2.404251439e-01
1.880000000e+00 -3.398891270e-03 -6.504601326e-06  2.404301153e-01
1.890000000e+00 -3.373275368e-03 -6.504601326e-06  2.404351184e-01
1.900000000e+00 -3.347449446e-03 -6.504601326e-06  2.404401531e-01
1.910000000e+00 -3.321413303e-03 -6.504601326e-06  2.404452190e-01
1.920000000e+00 -3.295166746e-03 -6.504601326e-06  2.404503161e-01
1.930000000e+00 -3.268709591e-03 -6.504601326e-06  2.404554441e-01
1.940000000e+00 -3.242041662e-03 -6.504601326e-06  2.404606028e-01
1.950000000e+00 -3.215162791e-03 -6.504601326e-06  2.404657921e-01
1.960000000e+00 -3.188072816e-03 -6.504601326e-06  2.404710116e-01
1.970000000e+00 -3.160771586e-03 -6.504601326e-06  2.404762613e-01
1.980000000e+00 -3.133258956e-03 -6.504601326e-06  2.404815408e-01
1.990000000e+00 -3.105534788e-03 -6.504601326e-06  2.404868500e-01
2.000000000e+00 -3.077598953e-03 -6.504601326e-06  2.404921886e-01
2.010000000e+00 -3.049451330e-03 -6.504601326e-06  2.404975564e-01
2.020000000e+00 -3.021091806e-03 -6.504601326e-06  2.405029531e-01
2.030000000e+00 -2.992520275e-03 -6.504601326e-06  2.405083786e-01
2.040000000e+00 -2.963736638e-03 -6.504601326e-06  2.405138326e-01
2.050000000e+00 -2.934740805e-03 -6.504601326e-06  2.405193148e-01
2.060000000e+00 -2.905532694e-03 -6.504601326e-06  2.405248251e-01
2.070000000e+00 -2.876112230e-03 -6.504601326e-06  2.405303631e-01
2.080000000e+00 -2.846479344e-03 -6.504601326e-06  2.405359286e-01
2.090000000e+00 -2.816633978e-03 -6.504601326e-06  2.405415214e-01
2.100000000e+00 -2.786576079e-03 -6.504601326e-06  2.405471411e-01
2.110000000e+00 -2.756305603e-03 -6.504601326e-06  2.405527876e-01
2.120000000e+00 -2.725822513e-03 -6.504601326e-06  2.405584605e-01
2.130000000e+00 -2.695126778e-03 -6.504601326e-06  2.405641597e-01
2.140000000e+00 -2.664218378e-03 -6.504601326e-06  2.405698847e-01
2.150000000e+00 -2.633097298e-03 -6.504601326e-06  2.405756354e-01
2.160000000e+00 -2.601763530e-03 -6.504601326e-06  2.405814114e-01
2.170000000e+00 -2.570217075e-03 -6.504601326e-06  2.405872126e-01
2.180000000e+00 -2.538457942e-03 -6.504601326e-06  2.405930385e-01
2.190000000e+00 -2.506486145e-03 -6.504601326e-06  2.405988890e-01
2.200000000e+00 -2.474301707e-03 -6.504601326e-06  2.406047636e-01
2.210000000e+00 -2.441904658e-03 -6.504601326e-06  2.406106622e-01
2.220000000e+00 -2.409295037e-03 -6.504601326e-06  2.406165844e-01
2.230000000e+00 -2.376472886e-03 -6.504601326e-06  2.406225299e-01
2.240000000e+00 -2.343438259e-03 -6.504601326e-06  2.406284985e-01
2.250000000e+00 -2.310191215e-03 -6.504601326e-06  2.406344898e-01
2.260000000e+00 -2.276731821e-03 -6.504601326e-06  2.406405034e-01
2.270000000e+00 -2.243060149e-03 -6.504601326e-06  2.406465392e-01
2.280000000e+00 -2.209176283e-03 -6.504601326e-06  2.406525967e-01
2.290000000e+00 -2.175080309e-03 -6.504601326e-06  2.406586757e-01
2.300000000e+00 -2.140772324e-03 -6.504601326e-06  2.406647758e-01
2.310000000e+00 -2.106252429e-03 -6.504601326e-06  2.406708967e-01
2.320000000e+00 -2.071520736e-03 -6.504601326e-06  2.406770381e-01
2.330000000e+00 -2.036577360e-03 -6.504601326e-06  2.406831997e-01
2.340000000e+00 -2.001422426e-03 -6.504601326e-06  2.406893810e-01
2.350000000e+00 -1.966056065e-03 -6.504601326e-06  2.406955819e-01
2.360000000e+00 -1.930478415e-03 -6.504601326e-06  2.407018019e-01
2.370000000e+00 -1.894689622e-03 -6.504601326e-06  2.407080407e-01
2.380000000e+00 -1.858689838e-03 -6.504601326e-06  2.407142979e-01
2.390000000e+00 -1.822479221e-03 -6.504601326e-06  2.407205733e-01
2.400000000e+00 -1.786057939e-03 -6.504601326e-06  2.407268664e-01
2.410000000e+00 -1.749426164e-03 -6.504601326e-06  2.407331769e-01
2.420000000e+00 -1.712584077e-03 -6.504601326e-06  2.407395045e-01
2.430000000e+00 -1.675531865e-03 -6.504601326e-06  2.407458488e-01
2.440000000e+00 -1.638269722e-03 -6.504601326e-06  2.407522094e-01
2.450000000e+00 -1.600797849e-03 -6.504601326e-06  2.407585860e-01
2.460000000e+00 -1.563116452e-03 -6.504601326e-06  2.407649782e-01
2.470000000e+00 -1.525225748e-03 -6.504601326e-06  2.407713856e-01
2.480000000e+00 -1.487125958e-03 -6.504601326e-06  2.407778079e-01
2.490000000e+00 -1.448817309e-03 -6.504601326e-06  2.407842447e-01
2.500000000e+00 -1.410300037e-03 -6.504601326e-06  2.407906957e-01
2.510000000e+00 -1.371574383e-03 -6.504601326e-06  2.407971603e-01
2.520000000e+00 -1.332640597e-03 -6.504601326e-06  2.408036384e-01
2.530000000e+00 -1.293498933e-03 -6.504601326e-06  2.408101294e-01
2.540000000e+00 -1.254149653e-03 -6.504601326e-06  2.408166331e-01
2.550000000e+00 -1.214593025e-03 -6.504601326e-06  2.408231489e-01
2.560000000e+00 -1.174829327e-03 -6.504601326e-06  2.408296766e-01
2.570000000e+00 -1.134858838e-03 -6.504601326e-06  2.408362157e-01
2.580000000e+00 -1.094681847e-03 -6.504601326e-06  2.408427659e-01
2.590000000e+00 -1.054298651e-03 -6.504601326e-06  2.408493267e-01
2.600000000e+00 -1.013709550e-03 -6.504601326e-06  2.408558978e-01
2.610000000e+00 -9.729148532e-04 -6.504601326e-06  2.408624788e-01
2.620000000e+00 -9.319148750e-04 -6.504601326e-06  2.408690692e-01
2.630000000e+00 -8.907099369e-04 -6.504601326e-06  2.408756686e-01
2.640000000e+00 -8.493003669e-04 -6.504601326e-06  2.408822767e-01
2.650000000e+00 -8.076864992e-04 -6.504601326e-06  2.408888931e-01
2.660000000e+00 -7.658686748e-04 -6.504601326e-06  2.408955173e-01
2.670000000e+00 -7.238472408e-04 -6.504601326e-06  2.409021489e-01
2.680000000e+00 -6.816225510e-04 -6.504601326e-06  2.409087875e-01
2.690000000e+00 -6.391949655e-04 -6.504601326e-06  2.409154328e-01
2.700000000e+00 -5.965648508e-04 -6.504601326e-06  2.409220842e-01
2.710000000e+00 -5.537325796e-04 -6.504601326e-06  2.409287414e-01
2.720000000e+00 -5.106985313e-04 -6.504601326e-06  2.409354039e-01
2.730000000e+00 -4.674630912e-04 -6.504601326e-06  2.409420714e-01
2.740000000e+00 -4.240266512e-04 -6.504601326e-06  2.409487434e-01
2.750000000e+00 -3.803896095e-04 -6.504601326e-06  2.409554194e-01
2.760000000e+00 -3.365523702e-04 -6.504601326e-06  2.409620992e-01
2.770000000e+00 -2.925153441e-04 -6.504601326e-06  2.409687821e-01
2.780000000e+00 -2.482789480e-04 -6.504601326e-06  2.409754679e-01
2.790000000e+00 -2.038436048e-04 -6.504601326e-06  2.409821560e-01
2.800000000e+00 -1.592097437e-04 -6.504601326e-06  2.409888461e-01
2.810000000e+00 -1.143778002e-04 -6.504601326e-06  2.409955377e-01
2.820000000e+00 -6.934821562e-05 -6.504601326e-06  2.410022303e-01
2.830000000e+00 -2.412143764e-05 -6.504601326e-06  2.410089236e-01
2.840000000e+00  2.130208006e-05 -6.504601326e-06  2.410156172e-01
2.850000000e+00  6.692187767e-05 -6.504601326e-06  2.410223104e-01
2.860000000e+00  1.127374894e-04 -6.504601326e-06  2.410290031e-01
2.870000000e+00  1.587484433e-04 -6.504601326e-06  2.410356946e-01
2.880000000e+00  2.049542616e-04 -6.504601326e-06  2.410423845e-01
2.890000000e+00  2.513544603e-04 -6.504601326e-06  2.410490725e-01
2.900000000e+00  2.979485496e-04 -6.504601326e-06  2.410557580e-01
2.910000000e+00  3.447360337e-04 -6.504601326e-06  2.410624407e-01
2.920000000e+00  3.917164108e-04 -6.504601326e-06  2.410691200e-01
2.930000000e+00  4.388891733e-04 -6.504601326e-06  2.410757956e-01
2.940000000e+00  4.862538077e-04 -6.504601326e-06  2.410824669e-01
2.950000000e+00  5.338097946e-04 -6.504601326e-06  2.410891336e-01
2.960000000e+00  5.815566086e-04 -6.504601326e-06  2.410957952e-01
2.970000000e+00  6.294937187e-04 -6.504601326e-06  2.411024512e-01
2.980000000e+00  6.776205881e-04 -6.504601326e-06  2.411091011e-01
2.990000000e+00  7.259366740e-04 -6.504601326e-06  2.411157447e-01
3.000000000e+00  7.744414280e-04 -6.504601326e-06  2.411223813e-01
3.010000000e+00  8.231342960e-04 -6.504601326e-06  2.411290105e-01
3.020000000e+00  8.720147179e-04 -6.504601326e-06  2.411356319e-01
3.030000000e+00  9.210821283e-04 -6.504601326e-06  2.411422451e-01
3.040000000e+00  9.703359559e-04 -6.504601326e-06  2.411488495e-01
3.050000000e+00  1.019775624e-03 -6.504601326e-06  2.411554447e-01
3.060000000e+00  1.069400549e-03 -6.504601326e-06  2.411620303e-01
3.070000000e+00  1.119210144e-03 -6.504601326e-06  2.411686058e-01
3.080000000e+00  1.169203815e-03 -6.504601326e-06  2.411751708e-01
3.090000000e+00  1.219380962e-03 -6.504601326e-06  2.411817247e-01
3.100000000e+00  1.269740980e-03 -6.504601326e-06  2.411882672e-01
3.110000000e+00  1.320283260e-03 -6.504601326e-06  2.411947977e-01
3.120000000e+00  1.371007184e-03 -6.504601326e-06  2.412013159e-01
3.130000000e+00  1.421912133e-03 -6.504601326e-06  2.412078213e-01
3.140000000e+00  1.472997478e-03 -6.504601326e-06  2.412143133e-01
3.150000000e+00  1.524262588e-03 -6.504601326e-06  2.412207916e-01
3.160000000e+00  1.575706824e-03 -6.504601326e-06  2.412272557e-01
3.170000000e+00  1.627329545e-03 -6.504601326e-06  2.412337051e-01
3.180000000e+00  1.679130101e-03 -6.504601326e-06  2.412401394e-01
3.190000000e+00  1.731107838e-03 -6.504601326e-06  2.412465582e-01
3.200000000e+00  1.783262097e-03 -6.504601326e-06  2.412529608e-01
3.210000000e+00  1.835592215e-03 -6.504601326e-06  2.412593470e-01
3.220000000e+00  1.888097520e-03 -6.504601326e-06  2.412657163e-01
3.230000000e+00  1.940777339e-03 -6.504601326e-06  2.412720681e-01
3.240000000e+00  1.993630990e-03 -6.504601326e-06  2.412784020e-01
3.250000000e+00  2.046657789e-03 -6.504601326e-06  2.412847176e-01
3.260000000e+00  2.099857045e-03 -6.504601326e-06  2.412910144e-01
3.270000000e+00  2.153228062e-03 -6.504601326e-06  2.412972920e-01
3.280000000e+00  2.206770139e-03 -6.504601326e-06  2.413035499e-01
3.290000000e+00  2.260482570e-03 -6.504601326e-06  2.413097876e-01
3.300000000e+00  2.314364644e-03 -6.504601326e-06  2.413160047e-01
3.310000000e+00  2.368415644e-03 -6.504601326e-06  2.413222008e-01
3.320000000e+00  2.422634850e-03 -6.504601326e-06  2.413283753e-01
3.330000000e+00  2.477021535e-03 -6.504601326e-06  2.413345279e-01
3.340000000e+00  2.531574968e-03 -6.504601326e-06  2.413406580e-01
3.350000000e+00  2.586294412e-03 -6.504601326e-06  2.413467652e-01
3.360000000e+00  2.641179126e-03 -6.504601326e-06  2.413528491e-01
3.370000000e+00  2.696228365e-03 -6.504601326e-06  2.413589092e-01
3.380000000e+00  2.751441376e-03 -6.504601326e-06  2.413649451e-01
3.390000000e+00  2.806817404e-03 -6.504601326e-06  2.413709563e-01
3.400000000e+00  2.862355689e-03 -6.504601326e-06  2.413769424e-01
3.410000000e+00  2.918055464e-03 -6.504601326e-06  2.413829028e-01
3.420000000e+00  2.973915959e-03 -6.504601326e-06  2.413888373e-01
3.430000000e+00  3.029936399e-03 -6.504601326e-06  2.413947452e-01
3.440000000e+00  3.086116004e-03 -6.504601326e-06  2.414006262e-01
3.450000000e+00  3.142453988e-03 -6.504601326e-06  2.414064799e-01
3.460000000e+00  3.198949564e-03 -6.504601326e-06  2.414123057e-01
3.470000000e+00  3.255601935e-03 -6.504601326e-06  2.414181033e-01
3.480000000e+00  3.312410305e-03 -6.504601326e-06  2.414238721e-01
3.490000000e+00  3.369373868e-03 -6.504601326e-06  2.414296119e-01
3.500000000e+00  3.426491817e-03 -6.504601326e-06  2.414353220e-01
3.510000000e+00  3.483763340e-03 -6.504601326e-06  2.414410021e-01
3.520000000e+00  3.541187619e-03 -6.504601326e-06  2.414466517e-01
3.530000000e+00  3.598763832e-03 -6.504601326e-06  2.414522705e-01
3.540000000e+00  3.656491154e-03 -6.504601326e-06  2.414578579e-01
3.550000000e+00  3.714368753e-03 -6.504601326e-06  2.414634136e-01
3.560000000e+00  3.772395794e-03 -6.504601326e-06  2.414689370e-01
3.570000000e+00  3.830571438e-03 -6.504601326e-06  2.414744278e-01
3.580000000e+00  3.888894840e-03 -6.504601326e-06  2.414798856e-01
3.590000000e+00  3.947365152e-03 -6.504601326e-06  2.414853099e-01
3.600000000e+00  4.005981521e-03 -6.504601326e-06  2.414907002e-01
3.610000000e+00  4.064743090e-03 -6.504601326e-06  2.414960563e-01
3.620000000e+00  4.123648998e-03 -6.504601326e-06  2.415013775e-01
3.630000000e+00  4.182698379e-03 -6.504601326e-06  2.415066636e-01
3.640000000e+00  4.241890363e-03 -6.504601326e-06  2.415119141e-01
3.650000000e+00  4.301224075e-03 -6.504601326e-06  2.415171285e-01
3.660000000e+00  4.360698638e-03 -6.504601326e-06  2.415223065e-01
3.670000000e+00  4.420313169e-03 -6.504601326e-06  2.415274476e-01
3.680000000e+00  4.480066781e-03 -6.504601326e-06  2.415325515e-01
3.690000000e+00  4.539958583e-03 -6.504601326e-06  2.415376177e-01
3.700000000e+00  4.599987680e-03 -6.504601326e-06  2.415426458e-01
3.710000000e+00  4.660153174e-03 -6.504601326e-06  2.415476353e-01
3.720000000e+00  4.720454161e-03 -6.504601326e-06  2.415525860e-01
3.730000000e+00  4.780889734e-03 -6.504601326e-06  2.415574974e-01
3.740000000e+00  4.841458983e-03 -6.504601326e-06  2.415623690e-01
3.750000000e+00  4.902160991e-03 -6.504601326e-06  2.415672006e-01
3.760000000e+00  4.962994842e-03 -6.504601326e-06  2.415719916e-01
3.770000000e+00  5.023959610e-03 -6.504601326e-06  2.415767417e-01
3.780000000e+00  5.085054371e-03 -6.504601326e-06  2.415814505e-01
3.790000000e+00  5.146278193e-03 -6.504601326e-06  2.415861176e-01
3.800000000e+00  5.207630143e-03 -6.504601326e-06  2.415907427e-01
3.810000000e+00  5.269109281e-03 -6.504601326e-06  2.415953252e-01
3.820000000e+00  5.330714666e-03 -6.504601326e-06  2.415998649e-01
3.830000000e+00  5.392445353e-03 -6.504601326e-06  2.416043613e-01
3.840000000e+00  5.454300392e-03 -6.504601326e-06  2.416088142e-01
3.850000000e+00  5.516278830e-03 -6.504601326e-06  2.416132230e-01
3.860000000e+00  5.578379710e-03 -6.504601326e-06  2.416175874e-01
3.870000000e+00  5.640602073e-03 -6.504601326e-06  2.416219071e-01
3.880000000e+00  5.702944954e-03 -6.504601326e-06  2.416261817e-01
3.890000000e+00  5.765407387e-03 -6.504601326e-06  2.416304107e-01
3.900000000e+00  5.827988400e-03 -6.504601326e-06  2.416345940e-01
3.910000000e+00  5.890687018e-03 -6.504601326e-06  2.416387309e-01
3.920000000e+00  5.953502264e-03 -6.504601326e-06  2.416428213e-01
3.930000000e+00  6.016433157e-03 -6.504601326e-06  2.416468648e-01
3.940000000e+00  6.079478711e-03 -6.504601326e-06  2.416508609e-01
3.950000000e+00  6.142637939e-03 -6.504601326e-06  2.416548094e-01
3.960000000e+00  6.205909849e-03 -6.504601326e-06  2.416587099e-01
3.970000000e+00  6.269293447e-03 -6.504601326e-06  2.416625620e-01
3.980000000e+00  6.332787734e-03 -6.504601326e-06  2.416663655e-01
3.990000000e+00  6.396391708e-03 -6.504601326e-06  2.416701198e-01
4.000000000e+00  6.460104366e-03 -6.504601326e-06  2.416738248e-01
4.010000000e+00  6.523924699e-03 -6.504601326e-06  2.416774801e-01
4.020000000e+00  6.587851697e-03 -6.504601326e-06  2.416810853e-01
4.030000000e+00  6.651884346e-03 -6.504601326e-06  2.416846402e-01
4.040000000e+00  6.716021627e-03 -6.504601326e-06  2.416881443e-01
4.050000000e+00  6.780262521e-03 -6.504601326e-06  2.416915973e-01
4.060000000e+00  6.844606005e-03 -6.504601326e-06  2.416949990e-01
4.070000000e+00  6.909051052e-03 -6.504601326e-06  2.416983490e-01
4.080000000e+00  6.973596632e-03 -6.504601326e-06  2.417016470e-01
4.090000000e+00  7.038241714e-03 -6.504601326e-06  2.417048927e-01
4.100000000e+00  7.102985263e-03 -6.504601326e-06  2.417080858e-01
4.110000000e+00  7.167826239e-03 -6.504601326e-06  2.417112259e-01
4.120000000e+00  7.232763602e-03 -6.504601326e-06  2.417143128e-01
4.130000000e+00  7.297796309e-03 -6.504601326e-06  2.417173461e-01
4.140000000e+00  7.362923311e-03 -6.504601326e-06  2.417203256e-01
4.150000000e+00  7.428143561e-03 -6.504601326e-06  2.417232509e-01
4.160000000e+00  7.493456006e-03 -6.504601326e-06  2.417261218e-01
4.170000000e+00  7.558859591e-03 -6.504601326e-06  2.417289380e-01
4.180000000e+00  7.624353259e-03 -6.504601326e-06  2.417316992e-01
4.190000000e+00  7.689935949e-03 -6.504601326e-06  2.417344050e-01
4.200000000e+00  7.755606599e-03 -6.504601326e-06  2.417370554e-01
4.210000000e+00  7.821364142e-03 -6.504601326e-06  2.417396498e-01
4.220000000e+00  7.887207512e-03 -6.504601326e-06  2.417421882e-01
4.230000000e+00  7.953135638e-03 -6.504601326e-06  2.417446701e-01
4.240000000e+00  8.019147447e-03 -6.504601326e-06  2.417470954e-01
4.250000000e+00  8.085241863e-03 -6.504601326e-06  2.417494638e-01
4.260000000e+00  8.151417809e-03 -6.504601326e-06  2.417517750e-01
4.270000000e+00  8.217674205e-03 -6.504601326e-06  2.417540288e-01
4.280000000e+00  8.284009968e-03 -6.504601326e-06  2.417562249e-01
4.290000000e+00  8.350424013e-03 -6.504601326e-06  2.417583631e-01
4.300000000e+00  8.416915253e-03 -6.504601326e-06  2.417604430e-01
4.310000000e+00  8.483482599e-03 -6.504601326e-06  2.417624646e-01
4.320000000e+00  8.550124960e-03 -6.504601326e-06  2.417644275e-01
4.330000000e+00  8.616841240e-03 -6.504601326e-06  2.417663315e-01
4.340000000e+00  8.683630345e-03 -6.504601326e-06  2.417681764e-01
4.350000000e+00  8.750491177e-03 -6.504601326e-06  2.417699619e-01
4.360000000e+00  8.817422634e-03 -6.504601326e-06  2.417716879e-01
4.370000000e+00  8.884423616e-03 -6.504601326e-06  2.417733541e-01
4.380000000e+00  8.951493017e-03 -6.504601326e-06  2.417749602e-01
4.390000000e+00  9.018629732e-03 -6.504601326e-06  2.417765061e-01
4.400000000e+00  9.085832653e-03 -6.504601326e-06  2.417779916e-01
4.410000000e+00  9.153100669e-03 -6.504601326e-06  2.417794165e-01
4.420000000e+00  9.220432668e-03 -6.504601326e-06  2.417807805e-01
4.430000000e+00  9.287827537e-03 -6.504601326e-06  2.417820835e-01
4.440000000e+00  9.355284159e-03 -6.504601326e-06  2.417833252e-01
4.450000000e+00  9.422801419e-03 -6.504601326e-06  2.417845055e-01
4.460000000e+00  9.490378195e-03 -6.504601326e-06  2.417856242e-01
4.470000000e+00  9.558013368e-03 -6.504601326e-06  2.417866811e-01
4.480000000e+00  9.625705815e-03 -6.504601326e-06  2.417876761e-01
4.490000000e+00  9.693454411e-03 -6.504601326e-06  2.417886089e-01
4.500000000e+00  9.761258031e-03 -6.504601326e-06  2.417894794e-01
4.510000000e+00  9.829115547e-03 -6.504601326e-06  2.417902874e-01
4.520000000e+00  9.897025831e-03 -6.504601326e-06  2.417910327e-01
4.530000000e+00  9.964987752e-03 -6.504601326e-06  2.417917153e-01
4.540000000e+00  1.003300018e-02 -6.504601326e-06  2.417923348e-01
4.550000000e+00  1.010106197e-02 -6.504601326e-06  2.417928913e-01
4.560000000e+00  1.016917201e-02 -6.504601326e-06  2.417933845e-01
4.570000000e+00  1.023732914e-02 -6.504601326e-06  2.417938143e-01
4.580000000e+00  1.030553224e-02 -6.504601326e-06  2.417941806e-01
4.590000000e+00  1.037378016e-02 -6.504601326e-06  2.417944832e-01
4.600000000e+00  1.044207177e-02 -6.504601326e-06  2.417947220e-01
4.610000000e+00  1.051040592e-02 -6.504601326e-06  2.417948968e-01
4.620000000e+00  1.057878147e-02 -6.504601326e-06  2.417950076e-01
4.630000000e+00  1.064719728e-02 -6.504601326e-06  2.417950542e-01
4.640000000e+00  1.071565219e-02 -6.504601326e-06  2.417950365e-01
4.650000000e+00  1.078414508e-02 -6.504601326e-06  2.417949544e-01
4.660000000e+00  1.085267478e-02 -6.504601326e-06  2.417948078e-01
4.670000000e+00  1.092124016e-02 -6.504601326e-06  2.417945966e-01
4.680000000e+00  1.098984005e-02 -6.504601326e-06  2.417943206e-01
4.690000000e+00  1.105847332e-02 -6.504601326e-06  2.417939799e-01
4.700000000e+00  1.112713881e-02 -6.504601326e-06  2.417935742e-01
4.710000000e+00  1.119583537e-02 -6.504601326e-06  2.417931036e-01
4.720000000e+00  1.126456185e-02 -6.504601326e-06  2.417925679e-01
4.730000000e+00  1.133331709e-02 -6.504601326e-06  2.417919670e-01
4.740000000e+00  1.140209994e-02 -6.504601326e-06  2.417913009e-01
4.750000000e+00  1.147090924e-02 -6.504601326e-06  2.417905696e-01
4.760000000e+00  1.153974385e-02 -6.504601326e-06  2.417897728e-01
4.770000000e+00  1.160860260e-02 -6.504601326e-06  2.417889107e-01
4.780000000e+00  1.167748433e-02 -6.504601326e-06  2.417879831e-01
4.790000000e+00  1.174638789e-02 -6.504601326e-06  2.417869899e-01
4.800000000e+00  1.181531212e-02 -6.504601326e-06  2.417859312e-01
4.810000000e+00  1.188425586e-02 -6.504601326e-06  2.417848069e-01
4.820000000e+00  1.195321796e-02 -6.504601326e-06  2.417836169e-01
4.830000000e+00  1.202219725e-02 -6.504601326e-06  2.417823611e-01
4.840000000e+00  1.209119257e-02 -6.504601326e-06  2.417810397e-01
4.850000000e+00  1.216020277e-02 -6.504601326e-06  2.417796525e-01
4.860000000e+00  1.222922668e-02 -6.504601326e-06  2.417781995e-01
4.870000000e+00  1.229826314e-02 -6.504601326e-06  2.417766808e-01
4.880000000e+00  1.236731098e-02 -6.504601326e-06  2.417750962e-01
4.890000000e+00  1.243636906e-02 -6.504601326e-06  2.417734458e-01
4.900000000e+00  1.250543621e-02 -6.504601326e-06  2.417717295e-01
4.910000000e+00  1.257451125e-02 -6.504601326e-06  2.417699474e-01
4.920000000e+00  1.264359305e-02 -6.504601326e-06  2.417680995e-01
4.930000000e+00  1.271268042e-02 -6.504601326e-06  2.417661857e-01
4.940000000e+00  1.278177221e-02 -6.504601326e-06  2.417642062e-01
4.950000000e+00  1.285086725e-02 -6.504601326e-06  2.417621608e-01
4.960000000e+00  1.291996439e-02 -6.504601326e-06  2.417600497e-01
4.970000000e+00  1.298906247e-02 -6.504601326e-06  2.417578727e-01
4.980000000e+00  1.305816031e-02 -6.504601326e-06  2.417556301e-01
4.990000000e+00  1.312725676e-02 -6.504601326e-06  2.417533217e-01
5.000000000e+00  1.319635065e-02 -6.504601326e-06  2.417509477e-01
5.010000000e+00  1.326544083e-02 -6.504601326e-06  2.417485081e-01
5.020000000e+00  1.333452613e-02 -6.504601326e-06  2.417460029e-01
5.030000000e+00  1.340360539e-02 -6.504601326e-06  2.417434321e-01
5.040000000e+00  1.347267746e-02 -6.504601326e-06  2.417407959e-01
5.050000000e+00  1.354174116e-02 -6.504601326e-06  2.417380942e-01
5.060000000e+00  1.361079534e-02 -6.504601326e-06  2.417353272e-01
5.070000000e+00  1.367983885e-02 -6.504601326e-06  2.417324949e-01
5.080000000e+00  1.374887051e-02 -6.504601326e-06  2.417295973e-01
5.090000000e+00  1.381788918e-02 -6.504601326e-06  2.417266347e-01
5.100000000e+00  1.388689369e-02 -6.504601326e-06  2.417236069e-01
5.110000000e+00  1.395588288e-02 -6.504601326e-06  2.417205141e-01
5.120000000e+00  1.402485561e-02 -6.504601326e-06  2.417173565e-01
5.130000000e+00  1.409381070e-02 -6.504601326e-06  2.417141340e-01
5.140000000e+00  1.416274701e-02 -6.504601326e-06  2.417108468e-01
5.150000000e+00  1.423166338e-02 -6.504601326e-06  2.417074950e-01
5.160000000e+00  1.430055866e-02 -6.504601326e-06  2.417040787e-01
5.170000000e+00  1.436943169e-02 -6.504601326e-06  2.417005980e-01
5.180000000e+00  1.443828131e-02 -6.504601326e-06  2.416970530e-01
5.190000000e+00  1.450710638e-02 -6.504601326e-06  2.416934438e-01
5.200000000e+00  1.457590575e-02 -6.504601326e-06  2.416897705e-01
5.210000000e+00  1.464467827e-02 -6.504601326e-06  2.416860333e-01
5.220000000e+00  1.471342277e-02 -6.504601326e-06  2.416822323e-01
5.230000000e+00  1.478213813e-02 -6.504601326e-06  2.416783676e-01
5.240000000e+00  1.485082318e-02 -6.504601326e-06  2.416744394e-01
5.250000000e+00  1.491947679e-02 -6.504601326e-06  2.416704478e-01
5.260000000e+00  1.498809780e-02 -6.504601326e-06  2.416663930e-01
5.270000000e+00  1.505668507e-02 -6.504601326e-06  2.416622750e-01
5.280000000e+00  1.512523747e-02 -6.504601326e-06  2.416580941e-01
5.290000000e+00  1.519375384e-02 -6.504601326e-06  2.416538505e-01
5.300000000e+00  1.526223304e-02 -6.504601326e-06  2.416495441e-01
5.310000000e+00  1.533067395e-02 -6.504601326e-06  2.416451754e-01
5.320000000e+00  1.539907541e-02 -6.504601326e-06  2.416407443e-01
5.330000000e+00  1.546743629e-02 -6.504601326e-06  2.416362511e-01
5.340000000e+00  1.553575546e-02 -6.504601326e-06  2.416316960e-01
5.350000000e+00  1.560403178e-02 -6.504601326e-06  2.416270791e-01
5.360000000e+00  1.567226411e-02 -6.504601326e-06  2.416224007e-01
5.370000000e+00  1.574045134e-02 -6.504601326e-06  2.416176608e-01
5.380000000e+00  1.580859232e-02 -6.504601326e-06  2.416128598e-01
5.390000000e+00  1.587668592e-02 -6.504601326e-06  2.416079978e-01
5.400000000e+00  1.594473103e-02 -6.504601326e-06  2.416030750e-01
5.410000000e+00  1.601272652e-02 -6.504601326e-06  2.415980916e-01
5.420000000e+00  1.608067126e-02 -6.504601326e-06  2.415930478e-01
5.430000000e+00  1.614856412e-02 -6.504601326e-06  2.415879439e-01
5.440000000e+00  1.621640400e-02 -6.504601326e-06  2.415827800e-01
5.450000000e+00  1.628418977e-02 -6.504601326e-06  2.415775564e-01
5.460000000e+00  1.635192032e-02 -6.504601326e-06  2.415722733e-01
5.470000000e+00  1.641959452e-02 -6.504601326e-06  2.415669309e-01
5.480000000e+00  1.648721127e-02 -6.504601326e-06  2.415615295e-01
5.490000000e+00  1.655476945e-02 -6.504601326e-06  2.415560693e-01
5.500000000e+00  1.662226796e-02 -6.504601326e-06  2.415505505e-01
5.510000000e+00  1.668970569e-02 -6.504601326e-06  2.415449735e-01
5.520000000e+00  1.675708153e-02 -6.504601326e-06  2.415393383e-01
5.530000000e+00  1.682439437e-02 -6.504601326e-06  2.415336454e-01
5.540000000e+00  1.689164313e-02 -6.504601326e-06  2.415278948e-01
5.550000000e+00  1.695882669e-02 -6.504601326e-06  2.415220870e-01
5.560000000e+00  1.702594395e-02 -6.504601326e-06  2.415162221e-01
5.570000000e+00  1.709299384e-02 -6.504601326e-06  2.415103005e-01
5.580000000e+00  1.715997524e-02 -6.504601326e-06  2.415043224e-01
5.590000000e+00  1.722688708e-02 -6.504601326e-06  2.414982880e-01
5.600000000e+00  1.729372825e-02 -6.504601326e-06  2.414921977e-01
5.610000000e+00  1.736049768e-02 -6.504601326e-06  2.414860517e-01
5.620000000e+00  1.742719428e-02 -6.504601326e-06  2.414798504e-01
5.630000000e+00  1.749381697e-02 -6.504601326e-06  2.414735939e-01
5.640000000e+00  1.756036466e-02 -6.504601326e-06  2.414672826e-01
5.650000000e+00  1.762683629e-02 -6.504601326e-06  2.414609168e-01
5.660000000e+00  1.769323077e-02 -6.504601326e-06  2.414544969e-01
5.670000000e+00  1.775954704e-02 -6.504601326e-06  2.414480230e-01
5.680000000e+00  1.782578402e-02 -6.504601326e-06  2.414414955e-01
5.690000000e+00  1.789194065e-02 -6.504601326e-06  2.414349147e-01
5.700000000e+00  1.795801586e-02 -6.504601326e-06  2.414282809e-01
5.710000000e+00  1.802400859e-02 -6.504601326e-06  2.414215944e-01
5.720000000e+00  1.808991778e-02 -6.504601326e-06  2.414148556e-01
5.730000000e+00  1.815574237e-02 -6.504601326e-06  2.414080648e-01
5.740000000e+00  1.822148131e-02 -6.504601326e-06  2.414012223e-01
5.750000000e+00  1.828713355e-02 -6.504601326e-06  2.413943284e-01
5.760000000e+00  1.835269803e-02 -6.504601326e-06  2.413873835e-01
5.770000000e+00  1.841817371e-02 -6.504601326e-06  2.413803879e-01
5.780000000e+00  1.848355956e-02 -6.504601326e-06  2.413733419e-01
5.790000000e+00  1.854885452e-02 -6.504601326e-06  2.413662459e-01
5.800000000e+00  1.861405756e-02 -6.504601326e-06  2.413591002e-01
5.810000000e+00  1.867916764e-02 -6.504601326e-06  2.413519052e-01
5.820000000e+00  1.874418373e-02 -6.504601326e-06  2.413446612e-01
5.830000000e+00  1.880910481e-02 -6.504601326e-06  2.413373686e-01
5.840000000e+00  1.887392985e-02 -6.504601326e-06  2.413300277e-01
5.850000000e+00  1.893865782e-02 -6.504601326e-06  2.413226389e-01
5.860000000e+00  1.900328770e-02 -6.504601326e-06  2.413152026e-01
5.870000000e+00  1.906781848e-02 -6.504601326e-06  2.413077191e-01
5.880000000e+00  1.913224915e-02 -6.504601326e-06  2.413001888e-01
5.890000000e+00  1.919657868e-02 -6.504601326e-06  2.412926121e-01
5.900000000e+00  1.926080608e-02 -6.504601326e-06  2.412849893e-01
5.910000000e+00  1.932493034e-02 -6.504601326e-06  2.412773208e-01
5.920000000e+00  1.938895046e-02 -6.504601326e-06  2.412696070e-01
5.930000000e+00  1.945286544e-02 -6.504601326e-06  2.412618484e-01
5.940000000e+00  1.951667428e-02 -6.504601326e-06  2.412540451e-01
5.950000000e+00  1.958037600e-02 -6.504601326e-06  2.412461978e-01
5.960000000e+00  1.964396961e-02 -6.504601326e-06  2.412383067e-01
5.970000000e+00  1.970745411e-02 -6.504601326e-06  2.412303723e-01
5.980000000e+00  1.977082854e-02 -6.504601326e-06  2.412223949e-01
5.990000000e+00  1.983409190e-02 -6.504601326e-06  2.412143749e-01
6.000000000e+00  1.989724324e-02 -6.504601326e-06  2.412063128e-01
6.010000000e+00  1.996028157e-02 -6.504601326e-06  2.411982089e-01
6.020000000e+00  2.002320592e-02 -6.504601326e-06  2.411900638e-01
6.030000000e+00  2.008601534e-02 -6.504601326e-06  2.411818776e-01
6.040000000e+00  2.014870887e-02 -6.504601326e-06  2.411736510e-01
6.050000000e+00  2.021128553e-02 -6.504601326e-06  2.411653843e-01
6.060000000e+00  2.027374440e-02 -6.504601326e-06  2.411570779e-01
6.070000000e+00  2.033608450e-02 -6.504601326e-06  2.411487322e-01
6.080000000e+00  2.039830490e-02 -6.504601326e-06  2.411403477e-01
6.090000000e+00  2.046040465e-02 -6.504601326e-06  2.411319247e-01
6.100000000e+00  2.052238282e-02 -6.504601326e-06  2.411234638e-01
6.110000000e+00  2.058423847e-02 -6.504601326e-06  2.411149653e-01
6.120000000e+00  2.064597067e-02 -6.504601326e-06  2.411064297e-01
6.130000000e+00  2.070757849e-02 -6.504601326e-06  2.410978574e-01
6.140000000e+00  2.076906100e-02 -6.504601326e-06  2.410892489e-01
6.150000000e+00  2.083041729e-02 -6.504601326e-06  2.410806045e-01
6.160000000e+00  2.089164645e-02 -6.504601326e-06  2.410719248e-01
6.170000000e+00  2.095274755e-02 -6.504601326e-06  2.410632101e-01
6.180000000e+00  2.101371969e-02 -6.504601326e-06  2.410544609e-01
6.190000000e+00  2.107456197e-02 -6.504601326e-06  2.410456777e-01
6.200000000e+00  2.113527349e-02 -6.504601326e-06  2.410368608e-01
6.210000000e+00  2.119585334e-02 -6.504601326e-06  2.410280109e-01
6.220000000e+00  2.125630064e-02 -6.504601326e-06  2.410191282e-01
6.230000000e+00  2.131661451e-02 -6.504601326e-06  2.410102133e-01
6.240000000e+00  2.137679404e-02 -6.504601326e-06  2.410012666e-01
6.250000000e+00  2.143683837e-02 -6.504601326e-06  2.409922885e-01
6.260000000e+00  2.149674662e-02 -6.504601326e-06  2.409832796e-01
6.270000000e+00  2.155651792e-02 -6.504601326e-06  2.409742403e-01
6.280000000e+00  2.161615140e-02 -6.504601326e-06  2.409651711e-01
6.290000000e+00  2.167564619e-02 -6.504601326e-06  2.409560723e-01
6.300000000e+00  2.173500144e-02 -6.504601326e-06  2.409469446e-01
6.310000000e+00  2.179421628e-02 -6.504601326e-06  2.409377883e-01
6.320000000e+00  2.185328988e-02 -6.504601326e-06  2.409286039e-01
6.330000000e+00  2.191222139e-02 -6.504601326e-06  2.409193919e-01
6.340000000e+00  2.197100995e-02 -6.504601326e-06  2.409101528e-01
6.350000000e+00  2.202965474e-02 -6.504601326e-06  2.409008871e-01
6.360000000e+00  2.208815492e-02 -6.504601326e-06  2.408915951e-01
6.370000000e+00  2.214650966e-02 -6.504601326e-06  2.408822774e-01
6.380000000e+00  2.220471814e-02 -6.504601326e-06  2.408729345e-01
6.390000000e+00  2.226277953e-02 -6.504601326e-06  2.408635668e-01
6.400000000e+00  2.232069302e-02 -6.504601326e-06  2.408541749e-01
6.410000000e+00  2.237845780e-02 -6.504601326e-06  2.408447592e-01
6.420000000e+00  2.243607307e-02 -6.504601326e-06  2.408353202e-01
6.430000000e+00  2.249353801e-02 -6.504601326e-06  2.408258583e-01
6.440000000e+00  2.255085184e-02 -6.504601326e-06  2.408163741e-01
6.450000000e+00  2.260801375e-02 -6.504601326e-06  2.408068681e-01
6.460000000e+00  2.266502296e-02 -6.504601326e-06  2.407973406e-01
6.470000000e+00  2.272187869e-02 -6.504601326e-06  2.407877924e-01
6.480000000e+00  2.277858016e-02 -6.504601326e-06  2.407782237e-01
6.490000000e+00  2.283512659e-02 -6.504601326e-06  2.407686351e-01
6.500000000e+00  2.289151720e-02 -6.504601326e-06  2.407590271e-01
6.510000000e+00  2.294775125e-02 -6.504601326e-06  2.407494002e-01
6.520000000e+00  2.300382796e-02 -6.504601326e-06  2.407397549e-01
6.530000000e+00  2.305974658e-02 -6.504601326e-06  2.407300916e-01
6.540000000e+00  2.311550636e-02 -6.504601326e-06  2.407204110e-01
6.550000000e+00  2.317110655e-02 -6.504601326e-06  2.407107133e-01
6.560000000e+00  2.322654641e-02 -6.504601326e-06  2.407009993e-01
6.570000000e+00  2.328182520e-02 -6.504601326e-06  2.406912692e-01
6.580000000e+00  2.333694220e-02 -6.504601326e-06  2.406815238e-01
6.590000000e+00  2.339189667e-02 -6.504601326e-06  2.406717634e-01
6.600000000e+00  2.344668789e-02 -6.504601326e-06  2.406619885e-01
6.610000000e+00  2.350131515e-02 -6.504601326e-06  2.406521997e-01
6.620000000e+00  2.355577773e-02 -6.504601326e-06  2.406423974e-01
6.630000000e+00  2.361007492e-02 -6.504601326e-06  2.406325821e-01
6.640000000e+00  2.366420603e-02 -6.504601326e-06  2.406227544e-01
6.650000000e+00  2.371817036e-02 -6.504601326e-06  2.406129148e-01
6.660000000e+00  2.377196720e-02 -6.504601326e-06  2.406030637e-01
6.670000000e+00  2.382559589e-02 -6.504601326e-06  2.405932016e-01
6.680000000e+00  2.387905572e-02 -6.504601326e-06  2.405833291e-01
6.690000000e+00  2.393234603e-02 -6.504601326e-06  2.405734466e-01
6.700000000e+00  2.398546615e-02 -6.504601326e-06  2.405635546e-01
6.710000000e+00  2.403841540e-02 -6.504601326e-06  2.405536538e-01
6.720000000e+00  2.409119313e-02 -6.504601326e-06  2.405437444e-01
6.730000000e+00  2.414379867e-02 -6.504601326e-06  2.405338271e-01
6.740000000e+00  2.419623138e-02 -6.504601326e-06  2.405239024e-01
6.750000000e+00  2.424849061e-02 -6.504601326e-06  2.405139707e-01
6.760000000e+00  2.430057572e-02 -6.504601326e-06  2.405040326e-01
6.770000000e+00  2.435248607e-02 -6.504601326e-06  2.404940885e-01
6.780000000e+00  2.440422104e-02 -6.504601326e-06  2.404841390e-01
6.790000000e+00  2.445577999e-02 -6.504601326e-06  2.404741846e-01
6.800000000e+00  2.450716230e-02 -6.504601326e-06  2.404642257e-01
6.810000000e+00  2.455836737e-02 -6.504601326e-06  2.404542629e-01
6.820000000e+00  2.460939457e-02 -6.504601326e-06  2.404442966e-01
6.830000000e+00  2.466024332e-02 -6.504601326e-06  2.404343274e-01
6.840000000e+00  2.471091300e-02 -6.504601326e-06  2.404243557e-01
6.850000000e+00  2.476140303e-02 -6.504601326e-06  2.404143821e-01
6.860000000e+00  2.481171281e-02 -6.504601326e-06  2.404044071e-01
6.870000000e+00  2.486184177e-02 -6.504601326e-06  2.403944311e-01
6.880000000e+00  2.491178932e-02 -6.504601326e-06  2.403844547e-01
6.890000000e+00  2.496155490e-02 -6.504601326e-06  2.403744783e-01
6.900000000e+00  2.501113793e-02 -6.504601326e-06  2.403645025e-01
6.910000000e+00  2.506053786e-02 -6.504601326e-06  2.403545277e-01
6.920000000e+00  2.510975413e-02 -6.504601326e-06  2.403445545e-01
6.930000000e+00  2.515878620e-02 -6.504601326e-06  2.403345832e-01
6.940000000e+00  2.520763351e-02 -6.504601326e-06  2.403246145e-01
6.950000000e+00  2.525629553e-02 -6.504601326e-06  2.403146489e-01
6.960000000e+00  2.530477172e-02 -6.504601326e-06  2.403046867e-01
6.970000000e+00  2.535306156e-02 -6.504601326e-06  2.402947285e-01
6.980000000e+00  2.540116453e-02 -6.504601326e-06  2.402847748e-01
6.990000000e+00  2.544908010e-02 -6.504601326e-06  2.402748261e-01
7.000000000e+00  2.549680777e-02 -6.504601326e-06  2.402648829e-01
7.010000000e+00  2.554434703e-02 -6.504601326e-06  2.402549456e-01
7.020000000e+00  2.559169739e-02 -6.504601326e-06  2.402450148e-01
7.030000000e+00  2.563885834e-02 -6.504601326e-06  2.402350909e-01
7.040000000e+00  2.568582941e-02 -6.504601326e-06  2.402251744e-01
7.050000000e+00  2.573261010e-02 -6.504601326e-06  2.402152657e-01
7.060000000e+00  2.577919995e-02 -6.504601326e-06  2.402053655e-01
7.070000000e+00  2.582559847e-02 -6.504601326e-06  2.401954741e-01
7.080000000e+00  2.587180521e-02 -6.504601326e-06  2.401855921e-01
7.090000000e+00  2.591781971e-02 -6.504601326e-06  2.401757198e-01
7.100000000e+00  2.596364151e-02 -6.504601326e-06  2.401658579e-01
7.110000000e+00  2.600927016e-02 -6.504601326e-06  2.401560067e-01
7.120000000e+00  2.605470523e-02 -6.504601326e-06  2.401461667e-01
7.130000000e+00  2.609994627e-02 -6.504601326e-06  2.401363384e-01
7.140000000e+00  2.614499286e-02 -6.504601326e-06  2.401265224e-01
7.150000000e+00  2.618984457e-02 -6.504601326e-06  2.401167189e-01
7.160000000e+00  2.623450099e-02 -6.504601326e-06  2.401069286e-01
7.170000000e+00  2.627896170e-02 -6.504601326e-06  2.400971519e-01
7.180000000e+00  2.632322629e-02 -6.504601326e-06  2.400873892e-01
7.190000000e+00  2.636729436e-02 -6.504601326e-06  2.400776410e-01
7.200000000e+00  2.641116553e-02 -6.504601326e-06  2.400679078e-01
7.210000000e+00  2.645483939e-02 -6.504601326e-06  2.400581900e-01
7.220000000e+00  2.649831558e-02 -6.504601326e-06  2.400484881e-01
7.230000000e+00  2.654159370e-02 -6.504601326e-06  2.400388025e-01
7.240000000e+00  2.658467340e-02 -6.504601326e-06  2.400291337e-01
7.250000000e+00  2.662755431e-02 -6.504601326e-06  2.400194821e-01
7.260000000e+00  2.667023606e-02 -6.504601326e-06  2.400098483e-01
7.270000000e+00  2.671271830e-02 -6.504601326e-06  2.400002326e-01
7.280000000e+00  2.675500070e-02 -6.504601326e-06  2.399906355e-01
7.290000000e+00  2.679708291e-02 -6.504601326e-06  2.399810574e-01
7.300000000e+00  2.683896459e-02 -6.504601326e-06  2.399714988e-01
7.310000000e+00  2.688064541e-02 -6.504601326e-06  2.399619601e-01
7.320000000e+00  2.692212507e-02 -6.504601326e-06  2.399524417e-01
7.330000000e+00  2.696340323e-02 -6.504601326e-06  2.399429441e-01
7.340000000e+00  2.700447959e-02 -6.504601326e-06  2.399334678e-01
7.350000000e+00  2.704535385e-02 -6.504601326e-06  2.399240131e-01
7.360000000e+00  2.708602571e-02 -6.504601326e-06  2.399145804e-01
7.370000000e+00  2.712649488e-02 -6.504601326e-06  2.399051703e-01
7.380000000e+00  2.716676108e-02 -6.504601326e-06  2.398957831e-01
7.390000000e+00  2.720682402e-02 -6.504601326e-06  2.398864192e-01
7.400000000e+00  2.724668343e-02 -6.504601326e-06  2.398770792e-01
7.410000000e+00  2.728633906e-02 -6.504601326e-06  2.398677633e-01
7.420000000e+00  2.732579063e-02 -6.504601326e-06  2.398584720e-01
7.430000000e+00  2.736503791e-02 -6.504601326e-06  2.398492057e-01
7.440000000e+00  2.740408063e-02 -6.504601326e-06  2.398399648e-01
7.450000000e+00  2.744291856e-02 -6.504601326e-06  2.398307498e-01
7.460000000e+00  2.748155147e-02 -6.504601326e-06  2.398215609e-01
7.470000000e+00  2.751997913e-02 -6.504601326e-06  2.398123988e-01
7.480000000e+00  2.755820132e-02 -6.504601326e-06  2.398032636e-01
7.490000000e+00  2.759621782e-02 -6.504601326e-06  2.397941559e-01
7.500000000e+00  2.763402842e-02 -6.504601326e-06  2.397850760e-01
7.510000000e+00  2.767163293e-02 -6.504601326e-06  2.397760243e-01
7.520000000e+00  2.770903115e-02 -6.504601326e-06  2.397670012e-01
7.530000000e+00  2.774622288e-02 -6.504601326e-06  2.397580071e-01
7.540000000e+00  2.778320796e-02 -6.504601326e-06  2.397490424e-01
7.550000000e+00  2.781998619e-02 -6.504601326e-06  2.397401074e-01
7.560000000e+00  2.785655742e-02 -6.504601326e-06  2.397312025e-01
7.570000000e+00  2.789292147e-02 -6.504601326e-06  2.397223282e-01
7.580000000e+00  2.792907820e-02 -6.504601326e-06  2.397134847e-01
7.590000000e+00  2.796502746e-02 -6.504601326e-06  2.397046724e-01
7.600000000e+00  2.800076910e-02 -6.504601326e-06  2.396958917e-01
7.610000000e+00  2.803630298e-02 -6.504601326e-06  2.396871430e-01
7.620000000e+00  2.807162897e-02 -6.504601326e-06  2.396784267e-01
7.630000000e+00  2.810674696e-02 -6.504601326e-06  2.396697430e-01
7.640000000e+00  2.814165683e-02 -6.504601326e-06  2.396610923e-01
7.650000000e+00  2.817635846e-02 -6.504601326e-06  2.396524750e-01
7.660000000e+00  2.821085176e-02 -6.504601326e-06  2.396438914e-01
7.670000000e+00  2.824513663e-02 -6.504601326e-06  2.396353419e-01
7.680000000e+00  2.827921297e-02 -6.504601326e-06  2.396268268e-01
7.690000000e+00  2.831308071e-02 -6.504601326e-06  2.396183464e-01
7.700000000e+00  2.834673977e-02 -6.504601326e-06  2.396099011e-01
7.710000000e+00  2.838019008e-02 -6.504601326e-06  2.396014913e-01
7.720000000e+00  2.841343158e-02 -6.504601326e-06  2.395931171e-01
7.730000000e+00  2.844646421e-02 -6.504601326e-06  2.395847790e-01
7.740000000e+00  2.847928793e-02 -6.504601326e-06  2.395764773e-01
7.750000000e+00  2.851190269e-02 -6.504601326e-06  2.395682123e-01
7.760000000e+00  2.854430846e-02 -6.504601326e-06  2.395599843e-01
7.770000000e+00  2.857650521e-02 -6.504601326e-06  2.395517935e-01
7.780000000e+00  2.860849291e-02 -6.504601326e-06  2.395436405e-01
7.790000000e+00  2.864027156e-02 -6.504601326e-06  2.395355253e-01
7.800000000e+00  2.867184115e-02 -6.504601326e-06  2.395274483e-01
7.810000000e+00  2.870320168e-02 -6.504601326e-06  2.395194099e-01
7.820000000e+00  2.873435315e-02 -6.504601326e-06  2.395114103e-01
7.830000000e+00  2.876529557e-02 -6.504601326e-06  2.395034498e-01
7.840000000e+00  2.879602898e-02 -6.504601326e-06  2.394955286e-01
7.850000000e+00  2.882655339e-02 -6.504601326e-06  2.394876471e-01
7.860000000e+00  2.885686884e-02 -6.504601326e-06  2.394798056e-01
7.870000000e+00  2.888697537e-02 -6.504601326e-06  2.394720042e-01
7.880000000e+00  2.891687303e-02 -6.504601326e-06  2.394642434e-01
7.890000000e+00  2.894656188e-02 -6.504601326e-06  2.394565232e-01
7.900000000e+00  2.897604198e-02 -6.504601326e-06  2.394488441e-01
7.910000000e+00  2.900531340e-02 -6.504601326e-06  2.394412063e-01
7.920000000e+00  2.903437622e-02 -6.504601326e-06  2.394336100e-01
7.930000000e+00  2.906323052e-02 -6.504601326e-06  2.394260554e-01
7.940000000e+00  2.909187640e-02 -6.504601326e-06  2.394185429e-01
7.950000000e+00  2.912031394e-02 -6.504601326e-06  2.394110726e-01
7.960000000e+00  2.914854327e-02 -6.504601326e-06  2.394036449e-01
7.970000000e+00  2.917656449e-02 -6.504601326e-06  2.393962598e-01
7.980000000e+00  2.920437772e-02 -6.504601326e-06  2.393889178e-01
7.990000000e+00  2.923198309e-02 -6.504601326e-06  2.393816189e-01
8.000000000e+00  2.925938073e-02 -6.504601326e-06  2.393743635e-01
8.010000000e+00  2.928657080e-02 -6.504601326e-06  2.393671517e-01
8.020000000e+00  2.931355343e-02 -6.504601326e-06  2.393599837e-01
8.030000000e+00  2.934032879e-02 -6.504601326e-06  2.393528598e-01
8.040000000e+00  2.936689703e-02 -6.504601326e-06  2.393457802e-01
8.050000000e+00  2.939325834e-02 -6.504601326e-06  2.393387450e-01
8.060000000e+00  2.941941289e-02 -6.504601326e-06  2.393317546e-01
8.070000000e+00  2.944536087e-02 -6.504601326e-06  2.393248090e-01
8.080000000e+00  2.947110247e-02 -6.504601326e-06  2.393179084e-01
8.090000000e+00  2.949663790e-02 -6.504601326e-06  2.393110531e-01
8.100000000e+00  2.952196735e-02 -6.504601326e-06  2.393042433e-01
8.110000000e+00  2.954709106e-02 -6.504601326e-06  2.392974790e-01
8.120000000e+00  2.957200924e-02 -6.504601326e-06  2.392907605e-01
8.130000000e+00  2.959672212e-02 -6.504601326e-06  2.392840880e-01
8.140000000e+00  2.962122995e-02 -6.504601326e-06  2.392774616e-01
8.150000000e+00  2.964553298e-02 -6.504601326e-06  2.392708815e-01
8.160000000e+00  2.966963144e-02 -6.504601326e-06  2.392643478e-01
8.170000000e+00  2.969352562e-02 -6.504601326e-06  2.392578607e-01
8.180000000e+00  2.971721577e-02 -6.504601326e-06  2.392514203e-01
8.190000000e+00  2.974070218e-02 -6.504601326e-06  2.392450268e-01
8.200000000e+00  2.976398513e-02 -6.504601326e-06  2.392386804e-01
8.210000000e+00  2.978706491e-02 -6.504601326e-06  2.392323811e-01
8.220000000e+00  2.980994183e-02 -6.504601326e-06  2.392261291e-01
8.230000000e+00  2.983261618e-02 -6.504601326e-06  2.392199245e-01
8.240000000e+00  2.985508830e-02 -6.504601326e-06  2.392137675e-01
8.250000000e+00  2.987735850e-02 -6.504601326e-06  2.392076581e-01
8.260000000e+00  2.989942711e-02 -6.504601326e-06  2.392015965e-01
8.270000000e+00  2.992129447e-02 -6.504601326e-06  2.391955828e-01
8.280000000e+00  2.994296093e-02 -6.504601326e-06  2.391896170e-01
8.290000000e+00  2.996442685e-02 -6.504601326e-06  2.391836994e-01
8.300000000e+00  2.998569259e-02 -6.504601326e-06  2.391778300e-01
8.310000000e+00  3.000675852e-02 -6.504601326e-06  2.391720088e-01
8.320000000e+00  3.002762501e-02 -6.504601326e-06  2.391662360e-01
8.330000000e+00  3.004829246e-02 -6.504601326e-06  2.391605117e-01
8.340000000e+00  3.006876126e-02 -6.504601326e-06  2.391548359e-01
8.350000000e+00  3.008903181e-02 -6.504601326e-06  2.391492087e-01
8.360000000e+00  3.010910453e-02 -6.504601326e-06  2.391436301e-01
8.370000000e+00  3.012897983e-02 -6.504601326e-06  2.391381004e-01
8.380000000e+00  3.014865814e-02 -6.504601326e-06  2.391326194e-01
8.390000000e+00  3.016813989e-02 -6.504601326e-06  2.391271873e-01
8.400000000e+00  3.018742554e-02 -6.504601326e-06  2.391218040e-01
8.410000000e+00  3.020651552e-02 -6.504601326e-06  2.391164698e-01
8.420000000e+00  3.022541030e-02 -6.504601326e-06  2.391111846e-01
8.430000000e+00  3.024411035e-02 -6.504601326e-06  2.391059484e-01
8.440000000e+00  3.026261614e-02 -6.504601326e-06  2.391007612e-01
8.450000000e+00  3.028092816e-02 -6.504601326e-06  2.390956232e-01
8.460000000e+00  3.029904690e-02 -6.504601326e-06  2.390905343e-01
8.470000000e+00  3.031697285e-02 -6.504601326e-06  2.390854946e-01
8.480000000e+00  3.033470654e-02 -6.504601326e-06  2.390805040e-01
8.490000000e+00  3.035224847e-02 -6.504601326e-06  2.390755626e-01
8.500000000e+00  3.036959918e-02 -6.504601326e-06  2.390706704e-01
8.510000000e+00  3.038675919e-02 -6.504601326e-06  2.390658274e-01
8.520000000e+00  3.040372905e-02 -6.504601326e-06  2.390610335e-01
8.530000000e+00  3.042050931e-02 -6.504601326e-06  2.390562888e-01
8.540000000e+00  3.043710052e-02 -6.504601326e-06  2.390515934e-01
8.550000000e+00  3.045350327e-02 -6.504601326e-06  2.390469470e-01
8.560000000e+00  3.046971811e-02 -6.504601326e-06  2.390423498e-01
8.570000000e+00  3.048574565e-02 -6.504601326e-06  2.390378017e-01
8.580000000e+00  3.050158646e-02 -6.504601326e-06  2.390333026e-01
8.590000000e+00  3.051724116e-02 -6.504601326e-06  2.390288526e-01
8.600000000e+00  3.053271035e-02 -6.504601326e-06  2.390244516e-01
8.610000000e+00  3.054799466e-02 -6.504601326e-06  2.390200996e-01
8.620000000e+00  3.056309470e-02 -6.504601326e-06  2.390157965e-01
8.630000000e+00  3.057801112e-02 -6.504601326e-06  2.390115422e-01
8.640000000e+00  3.059274456e-02 -6.504601326e-06  2.390073367e-01
8.650000000e+00  3.060729568e-02 -6.504601326e-06  2.390031800e-01
8.660000000e+00  3.062166513e-02 -6.504601326e-06  2.389990719e-01
8.670000000e+00  3.063585360e-02 -6.504601326e-06  2.389950124e-01
8.680000000e+00  3.064986175e-02 -6.504601326e-06  2.389910015e-01
8.690000000e+00  3.066369029e-02 -6.504601326e-06  2.389870389e-01
8.700000000e+00  3.067733990e-02 -6.504601326e-06  2.389831248e-01
8.710000000e+00  3.069081129e-02 -6.504601326e-06  2.389792589e-01
8.720000000e+00  3.070410518e-02 -6.504601326e-06  2.389754412e-01
8.730000000e+00  3.071722230e-02 -6.504601326e-06  2.389716716e-01
8.740000000e+00  3.073016337e-02 -6.504601326e-06  2.389679499e-01
8.750000000e+00  3.074292914e-02 -6.504601326e-06  2.389642761e-01
8.760000000e+00  3.075552037e-02 -6.504601326e-06  2.389606501e-01
8.770000000e+00  3.076793780e-02 -6.504601326e-06  2.389570717e-01
8.780000000e+00  3.078018222e-02 -6.504601326e-06  2.389535408e-01
8.790000000e+00  3.079225439e-02 -6.504601326e-06  2.389500573e-01
8.800000000e+00  3.080415511e-02 -6.504601326e-06  2.389466210e-01
8.810000000e+00  3.081588518e-02 -6.504601326e-06  2.389432319e-01
8.820000000e+00  3.082744540e-02 -6.504601326e-06  2.389398897e-01
8.830000000e+00  3.083883658e-02 -6.504601326e-06  2.389365944e-01
8.840000000e+00  3.085005955e-02 -6.504601326e-06  2.389333458e-01
8.850000000e+00  3.086111515e-02 -6.504601326e-06  2.389301437e-01
8.860000000e+00  3.087200421e-02 -6.504601326e-06  2.389269879e-01
8.870000000e+00  3.088272759e-02 -6.504601326e-06  2.389238784e-01
8.880000000e+00  3.089328616e-02 -6.504601326e-06  2.389208149e-01
8.890000000e+00  3.090368078e-02 -6.504601326e-06  2.389177973e-01
8.900000000e+00  3.091391232e-02 -6.504601326e-06  2.389148254e-01
8.910000000e+00  3.092398170e-02 -6.504601326e-06  2.389118990e-01
8.920000000e+00  3.093388979e-02 -6.504601326e-06  2.389090180e-01
8.930000000e+00  3.094363751e-02 -6.504601326e-06  2.389061821e-01
8.940000000e+00  3.095322579e-02 -6.504601326e-06  2.389033911e-01
8.950000000e+00  3.096265554e-02 -6.504601326e-06  2.389006449e-01
8.960000000e+00  3.097192770e-02 -6.504601326e-06  2.388979432e-01
8.970000000e+00  3.098104323e-02 -6.504601326e-06  2.388952858e-01
8.980000000e+00  3.099000307e-02 -6.504601326e-06  2.388926726e-01
8.990000000e+00  3.099880820e-02 -6.504601326e-06  2.388901033e-01
9.000000000e+00  3.100745959e-02 -6.504601326e-06  2.388875776e-01
9.010000000e+00  3.101595822e-02 -6.504601326e-06  2.388850954e-01
9.020000000e+00  3.102430510e-02 -6.504601326e-06  2.388826565e-01
9.030000000e+00  3.103250122e-02 -6.504601326e-06  2.388802605e-01
9.040000000e+00  3.104054760e-02 -6.504601326e-06  2.388779073e-01
9.050000000e+00  3.104844527e-02 -6.504601326e-06  2.388755966e-01
9.060000000e+00  3.105619526e-02 -6.504601326e-06  2.388733282e-01
9.070000000e+00  3.106379862e-02 -6.504601326e-06  2.388711017e-01
9.080000000e+00  3.107125639e-02 -6.504601326e-06  2.388689171e-01
9.090000000e+00  3.107856965e-02 -6.504601326e-06  2.388667739e-01
9.100000000e+00  3.108573947e-02 -6.504601326e-06  2.388646719e-01
9.110000000e+00  3.109276693e-02 -6.504601326e-06  2.388626109e-01
9.120000000e+00  3.109965312e-02 -6.504601326e-06  2.388605906e-01
9.130000000e+00  3.110639916e-02 -6.504601326e-06  2.388586107e-01
9.140000000e+00  3.111300616e-02 -6.504601326e-06  2.388566709e-01
9.150000000e+00  3.111947523e-02 -6.504601326e-06  2.388547709e-01
9.160000000e+00  3.112580752e-02 -6.504601326e-06  2.388529105e-01
9.170000000e+00  3.113200417e-02 -6.504601326e-06  2.388510893e-01
9.180000000e+00  3.113806634e-02 -6.504601326e-06  2.388493071e-01
9.190000000e+00  3.114399519e-02 -6.504601326e-06  2.388475635e-01
9.200000000e+00  3.114979189e-02 -6.504601326e-06  2.388458582e-01
9.210000000e+00  3.115545764e-02 -6.504601326e-06  2.388441909e-01
9.220000000e+00  3.116099363e-02 -6.504601326e-06  2.388425614e-01
9.230000000e+00  3.116640106e-02 -6.504601326e-06  2.388409692e-01
9.240000000e+00  3.117168116e-02 -6.504601326e-06  2.388394141e-01
9.250000000e+00  3.117683514e-02 -6.504601326e-06  2.388378957e-01
9.260000000e+00  3.118186426e-02 -6.504601326e-06  2.388364137e-01
9.270000000e+00  3.118676975e-02 -6.504601326e-06  2.388349677e-01
9.280000000e+00  3.119155288e-02 -6.504601326e-06  2.388335575e-01
9.290000000e+00  3.119621491e-02 -6.504601326e-06  2.388321826e-01
9.300000000e+00  3.120075713e-02 -6.504601326e-06  2.388308427e-01
9.310000000e+00  3.120518083e-02 -6.504601326e-06  2.388295375e-01
9.320000000e+00  3.120948730e-02 -6.504601326e-06  2.388282665e-01
9.330000000e+00  3.121367786e-02 -6.504601326e-06  2.388270295e-01
9.340000000e+00  3.121775384e-02 -6.504601326e-06  2.388258261e-01
9.350000000e+00  3.122171656e-02 -6.504601326e-06  2.388246558e-01
9.360000000e+00  3.122556737e-02 -6.504601326e-06  2.388235184e-01
9.370000000e+00  3.122930763e-02 -6.504601326e-06  2.388224134e-01
9.380000000e+00  3.123293869e-02 -6.504601326e-06  2.388213404e-01
9.390000000e+00  3.123646195e-02 -6.504601326e-06  2.388202991e-01
9.400000000e+00  3.123987878e-02 -6.504601326e-06  2.388192891e-01
9.410000000e+00  3.124319058e-02 -6.504601326e-06  2.388183099e-01
9.420000000e+00  3.124639877e-02 -6.504601326e-06  2.388173612e-01
9.430000000e+00  3.124950476e-02 -6.504601326e-06  2.388164426e-01
9.440000000e+00  3.125250998e-02 -6.504601326e-06  2.388155536e-01
9.450000000e+00  3.125541589e-02 -6.504601326e-06  2.388146939e-01
9.460000000e+00  3.125822392e-02 -6.504601326e-06  2.388138630e-01
9.470000000e+00  3.126093555e-02 -6.504601326e-06  2.388130605e-01
9.480000000e+00  3.126355225e-02 -6.504601326e-06  2.388122860e-01
9.490000000e+00  3.126607550e-02 -6.504601326e-06  2.388115391e-01
9.500000000e+00  3.126850682e-02 -6.504601326e-06  2.388108193e-01
9.510000000e+00  3.127084770e-02 -6.504601326e-06  2.388101262e-01
9.520000000e+00  3.127309966e-02 -6.504601326e-06  2.388094593e-01
9.530000000e+00  3.127526424e-02 -6.504601326e-06  2.388088182e-01
9.540000000e+00  3.127734299e-02 -6.504601326e-06  2.388082025e-01
9.550000000e+00  3.127933745e-02 -6.504601326e-06  2.388076116e-01
9.560000000e+00  3.128124919e-02 -6.504601326e-06  2.388070453e-01
9.570000000e+00  3.128307979e-02 -6.504601326e-06  2.388065029e-01
9.580000000e+00  3.128483083e-02 -6.504601326e-06  2.388059840e-01
9.590000000e+00  3.128650393e-02 -6.504601326e-06  2.388054882e-01
9.600000000e+00  3.128810068e-02 -6.504601326e-06  2.388050149e-01
9.610000000e+00  3.128962272e-02 -6.504601326e-06  2.388045638e-01
9.620000000e+00  3.129107167e-02 -6.504601326e-06  2.388041343e-01
9.630000000e+00  3.129244919e-02 -6.504601326e-06  2.388037260e-01
9.640000000e+00  3.129375692e-02 -6.504601326e-06  2.388033383e-01
9.650000000e+00  3.129499655e-02 -6.504601326e-06  2.388029707e-01
9.660000000e+00  3.129616976e-02 -6.504601326e-06  2.388026229e-01
9.670000000e+00  3.129727822e-02 -6.504601326e-06  2.388022942e-01
9.680000000e+00  3.129832366e-02 -6.504601326e-06  2.388019842e-01
9.690000000e+00  3.129930779e-02 -6.504601326e-06  2.388016923e-01
9.700000000e+00  3.130023232e-02 -6.504601326e-06  2.388014181e-01
9.710000000e+00  3.130109902e-02 -6.504601326e-06  2.388011611e-01
9.720000000e+00  3.130190962e-02 -6.504601326e-06  2.388009207e-01
9.730000000e+00  3.130266589e-02 -6.504601326e-06  2.388006963e-01
9.740000000e+00  3.130336961e-02 -6.504601326e-06  2.388004876e-01
9.750000000e+00  3.130402257e-02 -6.504601326e-06  2.388002939e-01
9.760000000e+00  3.130462656e-02 -6.504601326e-06  2.388001148e-01
9.770000000e+00  3.130518339e-02 -6.504601326e-06  2.387999496e-01
9.780000000e+00  3.130569489e-02 -6.504601326e-06  2.387997978e-01
9.790000000e+00  3.130616290e-02 -6.504601326e-06  2.387996590e-01
9.800000000e+00  3.130658927e-02 -6.504601326e-06  2.387995325e-01
9.810000000e+00  3.130697584e-02 -6.504601326e-06  2.387994178e-01
9.820000000e+00  3.130732450e-02 -6.504601326e-06  2.387993144e-01
9.830000000e+00  3.130763713e-02 -6.504601326e-06  2.387992216e-01
9.840000000e+00  3.130791563e-02 -6.504601326e-06  2.387991390e-01
9.850000000e+00  3.130816190e-02 -6.504601326e-06  2.387990659e-01
9.860000000e+00  3.130837787e-02 -6.504601326e-06  2.387990018e-01
9.870000000e+00  3.130856547e-02 -6.504601326e-06  2.387989462e-01
9.880000000e+00  3.130872665e-02 -6.504601326e-06  2.387988984e-01
9.890000000e+00  3.130886335e-02 -6.504601326e-06  2.387988578e-01
9.900000000e+00  3.130897756e-02 -6.504601326e-06  2.387988239e-01
9.910000000e+00  3.130907126e-02 -6.504601326e-06  2.387987961e-01
9.920000000e+00  3.130914643e-02 -6.504601326e-06  2.387987738e-01
9.930000000e+00  3.130920510e-02 -6.504601326e-06  2.387987564e-01
9.940000000e+00  3.130924928e-02 -6.504601326e-06  2.387987433e-01
9.950000000e+00  3.130928099e-02 -6.504601326e-06  2.387987339e-01
9.960000000e+00  3.130930229e-02 -6.504601326e-06  2.387987276e-01
9.970000000e+00  3.130931524e-02 -6.504601326e-06  2.387987237e-01
9.980000000e+00  3.130932190e-02 -6.504601326e-06  2.387987217e-01
9.990000000e+00  3.130932436e-02 -6.504601326e-06  2.387987210e-01
1.000000000e+01  3.130932471e-02 -6.504601326e-06  2.387987209e-01
